17	21
6	22
22	23
13	22
12	24
8	22
19	21
22	25
3	25
11	21
6	26
22	26
17	27
23	25
21	27
12	28
24	28
6	25
8	28
22	29
6	23
20	25
21	30
27	30
7	26
12	31
23	29
17	32
24	31
12	33
24	33
21	32
30	32
20	22
30	34
4	26
22	28
32	35
28	33
25	26
11	36
8	13
21	35
17	37
4	6
27	32
26	28
13	28
11	38
6	29
36	38
27	39
17	30
26	32
9	40
17	39
31	33
30	39
30	37
20	40
39	41
32	39
31	42
27	41
41	43
21	34
32	41
18	24
13	25
32	37
33	44
24	42
26	37
17	35
23	26
30	45
30	41
17	41
37	41
8	46
37	39
30	35
30	43
4	28
2	47
33	42
27	37
11	48
43	45
28	31
12	13
17	43
8	49
26	29
19	24
15	50
32	43
42	44
46	49
45	51
35	37
12	42
29	36
17	52
12	44
36	48
16	53
25	29
35	39
39	43
8	20
6	54
35	52
3	49
43	52
35	41
39	52
35	43
20	55
37	43
5	53
23	54
20	56
31	44
24	44
42	43
32	52
43	57
38	48
27	34
34	45
29	54
32	58
7	25
43	59
43	51
45	57
34	39
36	54
36	60
21	37
24	61
29	53
32	59
28	42
11	60
52	62
22	54
51	63
12	50
51	57
58	64
18	28
57	63
21	43
30	58
44	65
27	43
17	45
9	66
55	56
36	46
42	65
12	61
32	64
1	67
38	60
26	31
46	48
42	61
31	68
49	67
39	58
12	65
9	69
5	29
26	54
25	54
24	65
42	70
28	65
12	70
47	71
2	71
5	22
37	52
24	70
22	72
32	51
26	72
33	68
23	72
2	73
41	52
21	39
50	51
25	74
34	57
13	40
27	35
29	72
17	75
13	29
18	48
48	60
27	57
4	55
16	76
33	61
33	70
11	35
3	7
4	32
21	45
73	77
39	64
30	51
40	78
47	73
20	28
30	57
53	59
28	79
66	69
30	59
40	69
45	75
2	77
37	80
6	31
17	57
17	62
6	72
47	81
6	74
52	59
50	53
41	64
9	78
54	82
34	51
71	77
25	72
7	47
65	83
37	45
13	77
43	63
41	55
62	84
27	45
37	63
10	85
71	73
53	76
9	86
12	83
11	86
73	81
38	87
60	87
28	68
14	55
14	88
61	65
7	36
72	74
5	89
39	57
31	65
36	87
27	90
35	63
34	37
8	79
8	12
47	77
34	43
73	91
8	77
47	56
21	64
68	79
77	81
83	85
32	92
30	63
17	63
37	58
77	91
35	55
85	93
32	90
32	45
5	76
28	70
41	45
12	68
56	94
58	92
10	93
2	81
37	62
36	53
42	83
34	95
64	90
21	41
47	93
24	83
90	96
76	79
20	94
43	92
24	68
4	12
13	97
54	72
23	74
51	92
26	74
49	98
33	65
85	98
66	78
12	79
61	70
31	99
18	19
40	66
27	95
86	100
27	88
71	91
51	58
9	100
11	87
17	101
61	83
30	64
46	98
70	100
20	102
44	70
41	67
81	91
38	91
41	59
97	103
37	92
40	102
47	91
61	79
44	67
8	98
38	104
56	102
72	82
11	27
12	99
90	95
83	105
59	92
44	100
35	45
35	95
66	86
22	106
94	102
27	52
35	57
97	107
24	79
66	100
71	81
41	92
13	108
11	104
45	50
81	105
67	71
50	109
68	83
41	51
37	51
83	89
94	110
65	99
63	92
55	94
24	26
76	111
17	92
79	83
78	86
21	52
58	90
35	112
33	67
70	79
3	72
57	95
30	53
52	88
90	113
59	64
20	31
33	83
11	66
70	114
32	101
33	87
24	114
34	64
48	87
60	104
93	115
48	104
78	100
47	55
69	100
40	100
77	116
44	68
81	116
73	116
109	117
103	107
22	117
75	92
35	64
69	78
68	118
45	95
31	118
65	105
44	83
58	119
32	95
34	35
56	110
10	115
75	101
64	120
26	82
34	41
51	75
63	80
30	92
12	53
68	121
37	72
7	49
30	95
94	122
87	104
30	80
47	116
69	86
59	123
90	92
42	68
91	116
17	84
24	89
25	82
122	124
90	119
43	80
97	125
72	106
40	77
86	93
40	86
52	126
107	125
13	103
41	123
88	127
28	83
15	109
7	98
16	111
30	115
47	128
71	116
85	115
47	129
27	58
65	81
103	125
93	130
36	104
61	99
97	108
36	66
77	129
104	131
50	117
61	87
50	75
17	123
15	132
81	129
37	95
50	110
59	90
11	29
124	133
116	129
12	105
62	101
44	99
34	52
95	134
20	110
92	119
87	99
54	106
63	135
53	111
73	129
3	106
93	96
2	136
10	130
65	68
94	124
39	80
12	137
36	131
7	53
73	128
67	69
38	131
18	129
33	138
51	52
30	67
22	82
71	139
61	105
6	106
39	120
60	93
42	79
17	140
115	130
4	21
37	64
31	83
81	128
108	141
71	128
32	34
47	136
68	70
62	126
11	131
76	142
41	101
61	68
2	116
25	55
81	136
137	143
7	129
39	90
21	51
40	70
118	144
48	131
22	74
14	127
90	145
98	124
70	121
87	131
47	139
56	146
91	129
111	142
26	147
2	128
57	134
16	142
44	121
35	92
139	148
31	144
55	110
42	80
4	149
37	57
119	145
128	139
89	125
29	147
128	150
57	59
3	37
109	132
77	90
43	84
20	151
77	139
70	83
13	107
19	68
116	139
30	152
46	134
29	82
99	100
116	128
53	153
44	61
35	84
72	147
91	128
77	128
54	74
49	154
41	69
114	121
81	139
77	150
51	135
94	155
99	105
20	24
97	141
55	124
39	51
43	156
82	147
55	122
41	57
64	72
20	124
29	157
24	99
72	157
21	135
111	153
68	105
28	158
28	105
31	79
92	152
77	136
22	159
57	84
24	48
56	122
17	51
20	146
88	160
35	123
55	146
56	136
34	63
51	62
30	90
131	161
89	114
11	161
17	34
12	143
76	78
130	162
25	106
17	59
55	102
98	154
24	138
52	121
117	163
70	85
22	147
37	84
55	133
128	148
142	164
4	65
153	154
148	150
25	122
60	131
63	140
56	165
25	147
33	158
83	114
11	33
41	80
46	154
21	166
60	161
55	165
101	123
23	106
148	167
51	64
45	64
52	90
55	155
25	159
167	168
53	142
85	130
107	108
104	118
41	95
127	169
68	138
115	162
53	164
76	153
37	53
110	170
133	165
92	123
67	92
56	170
57	58
85	171
76	164
31	70
8	154
14	169
29	103
65	172
102	124
147	159
65	70
96	113
46	131
4	11
96	173
41	140
70	171
16	164
128	136
57	92
42	99
92	174
100	102
4	172
51	166
4	18
54	147
118	138
116	175
110	124
113	145
34	90
59	95
87	108
42	176
19	163
84	156
126	133
75	152
106	177
61	137
23	36
14	160
74	106
77	148
139	178
26	157
74	147
116	178
45	90
12	114
175	178
163	179
67	150
130	171
124	170
87	161
74	159
140	180
22	157
39	156
83	144
132	162
146	181
75	123
41	134
63	64
19	45
106	127
65	121
37	182
40	116
89	135
103	108
24	172
77	178
37	183
22	177
136	148
34	77
38	161
142	153
56	81
69	184
61	121
83	118
28	106
133	155
6	185
74	157
13	116
128	167
94	133
32	69
101	134
88	186
138	158
34	92
27	75
56	151
94	170
130	187
33	137
18	46
54	177
114	118
8	128
62	95
124	188
34	69
129	175
71	167
81	148
114	172
16	153
39	189
55	151
105	114
75	135
153	164
7	154
40	184
181	190
59	134
44	105
17	64
13	71
26	148
38	191
18	85
103	134
28	44
73	175
118	192
5	20
122	155
35	51
11	82
184	193
91	139
55	95
45	63
44	118
21	90
46	169
15	194
164	194
35	140
113	173
97	116
79	158
105	195
55	143
111	164
136	139
93	137
137	196
120	189
21	92
81	167
126	155
129	148
17	180
59	197
67	147
78	184
57	123
143	196
144	198
160	169
30	84
5	8
49	140
146	170
85	199
83	198
113	119
58	84
3	47
32	120
33	99
138	200
53	83
133	170
44	143
50	194
60	191
157	201
28	195
117	132
141	191
39	202
15	117
21	46
33	79
182	183
26	106
4	203
27	180
88	126
150	167
93	162
69	193
52	57
199	204
86	184
70	105
55	170
125	149
99	143
67	168
79	205
116	136
125	193
115	171
109	194
197	206
110	188
29	59
151	165
41	75
22	201
90	207
29	74
34	62
111	112
85	204
73	148
98	208
47	178
23	201
70	198
158	205
3	127
149	209
63	134
171	187
43	64
52	64
25	146
53	90
203	210
161	191
43	77
29	201
34	80
166	211
6	147
8	106
15	163
138	205
91	136
199	212
56	105
121	172
12	144
40	138
141	213
132	194
17	183
26	159
44	158
10	171
57	214
6	159
66	193
94	213
122	143
24	119
33	215
145	207
76	203
86	163
33	176
5	125
28	77
28	216
109	163
94	188
66	184
29	142
6	157
89	217
14	143
14	186
106	159
100	193
43	214
122	133
191	218
131	191
40	85
98	133
110	133
29	106
89	219
61	196
127	160
58	80
77	175
4	60
82	220
8	103
175	201
169	190
71	148
9	193
195	221
5	82
104	161
112	140
82	201
2	167
13	222
4	19
80	101
30	55
73	136
54	159
108	223
39	207
122	188
176	215
81	178
41	62
155	224
19	39
54	96
26	67
74	82
27	51
51	225
158	216
20	133
173	219
135	225
56	133
129	136
175	226
89	119
41	135
28	176
150	168
53	227
25	185
137	144
156	214
78	193
88	169
123	197
145	228
164	227
131	218
61	215
201	220
40	110
8	229
72	177
20	122
36	191
188	227
55	224
85	230
130	230
42	215
115	126
98	192
132	163
140	231
50	132
55	181
18	31
123	134
10	162
86	193
68	232
57	203
40	107
65	158
82	106
54	201
209	233
162	187
129	139
85	162
163	194
128	129
83	100
18	234
109	179
7	76
38	61
117	194
6	177
132	235
5	219
135	166
169	186
157	159
160	186
103	127
75	236
179	194
104	132
81	168
15	179
81	175
157	237
115	133
101	152
26	185
89	107
53	206
138	238
142	157
44	79
115	187
168	178
132	179
147	157
61	239
59	157
61	198
135	152
46	135
7	83
26	201
146	240
24	105
209	238
85	187
83	137
4	210
83	121
160	241
149	203
36	218
41	84
39	112
89	200
88	241
45	242
153	227
67	148
44	138
84	126
7	131
38	243
55	101
52	63
113	207
76	227
7	13
43	244
97	213
111	227
12	22
41	151
14	241
221	245
108	125
82	225
73	226
31	72
112	207
183	246
115	242
16	227
68	158
129	167
117	179
33	114
106	247
125	141
122	224
6	65
105	215
149	233
242	248
30	202
80	95
11	30
95	242
98	229
17	90
114	249
7	65
104	167
124	224
23	82
40	193
23	157
116	250
4	99
22	137
120	156
101	135
5	142
61	143
223	251
121	232
24	137
71	129
116	226
248	252
162	199
123	135
102	184
44	239
116	205
195	245
13	253
49	147
32	57
46	59
94	146
103	223
24	254
44	114
127	192
58	120
91	148
55	62
3	255
162	230
29	107
4	90
50	163
50	105
94	224
90	256
97	222
51	90
151	181
27	92
181	224
181	257
205	216
10	187
145	173
178	250
175	250
136	258
67	126
44	215
27	244
170	240
136	230
255	259
113	169
55	188
53	98
162	172
118	137
105	245
101	260
5	7
122	151
21	126
185	221
197	250
83	192
136	261
93	98
62	92
93	230
49	126
134	197
207	262
3	53
13	50
7	136
73	139
61	254
55	240
115	263
127	186
9	184
119	256
43	123
20	264
203	209
13	141
129	150
74	237
97	253
128	265
3	28
126	135
8	151
51	156
4	145
17	50
94	266
45	248
55	257
87	218
18	267
203	233
65	114
106	201
22	220
30	134
68	196
216	268
5	217
110	264
76	98
37	112
5	74
4	129
37	269
73	167
166	204
29	76
45	236
21	33
91	270
115	204
99	158
104	191
146	165
182	246
226	250
217	271
32	106
3	177
45	52
112	271
45	115
119	254
5	272
6	82
76	101
17	174
163	273
52	95
24	249
20	67
12	254
65	79
82	237
121	274
56	240
102	170
23	159
110	165
200	238
98	275
86	89
85	110
6	220
176	195
219	267
98	276
21	57
228	273
193	207
48	191
227	277
74	201
234	267
57	90
4	24
94	240
69	85
84	278
161	218
4	53
13	72
34	180
155	164
233	279
52	92
54	127
130	204
7	121
97	205
247	280
70	232
2	175
182	234
67	257
64	225
148	178
141	281
179	235
28	61
6	247
19	46
209	279
41	282
106	157
36	69
25	247
186	241
172	283
47	148
18	249
62	180
108	251
8	208
136	150
222	284
10	98
56	224
217	219
18	138
137	198
167	226
126	285
205	252
203	279
149	279
153	277
36	47
35	90
32	286
161	243
107	141
42	105
109	273
53	277
12	198
281	287
143	158
116	167
220	256
183	269
8	276
198	288
100	160
210	279
127	241
73	270
144	196
189	289
232	274
16	199
92	126
17	120
200	217
13	51
77	290
169	241
125	251
239	290
144	288
8	70
30	282
116	291
3	71
15	19
11	225
74	177
59	63
167	292
209	267
35	96
47	250
54	220
114	245
124	155
288	293
77	270
60	145
2	290
129	178
56	215
230	294
10	204
159	177
149	210
156	271
82	157
2	226
61	295
86	278
62	80
80	89
3	136
59	126
102	151
243	296
80	123
12	90
75	134
128	178
217	272
157	297
54	169
280	285
163	235
47	122
196	232
139	265
270	298
121	283
5	67
176	245
72	90
4	181
166	225
24	299
28	221
9	76
224	266
205	238
5	300
18	90
258	261
120	289
162	204
239	295
76	277
139	301
91	167
170	266
25	177
30	83
110	204
37	174
220	302
116	193
42	198
22	99
250	291
33	105
8	275
204	303
61	249
4	67
80	229
151	190
100	184
152	225
236	304
3	160
242	252
219	271
116	148
14	56
61	305
79	105
15	235
71	178
156	289
156	207
92	306
20	181
189	202
226	270
17	95
3	259
133	151
79	307
84	207
55	190
19	169
134	135
60	243
98	187
234	308
119	207
172	245
267	308
26	118
216	238
190	240
90	309
159	201
218	243
42	172
246	269
209	210
163	310
92	135
38	218
12	116
37	246
83	176
201	247
240	311
94	151
27	189
181	266
21	282
36	161
2	178
44	312
39	92
106	280
120	214
119	120
27	174
19	115
166	313
71	168
272	300
10	199
25	165
36	250
81	314
97	284
168	250
40	242
99	315
78	281
137	239
4	279
4	143
96	207
168	316
77	80
210	233
54	148
20	170
80	135
68	87
34	317
111	271
250	270
38	274
14	124
66	201
8	25
91	318
8	97
4	209
152	166
41	63
124	257
47	319
48	161
187	204
93	204
28	245
17	225
51	140
119	320
57	64
270	277
100	292
100	232
19	282
273	321
60	296
250	298
183	288
194	273
208	275
223	322
89	271
107	309
150	226
222	285
145	309
71	323
97	223
17	306
87	191
13	213
14	324
111	277
218	296
78	207
43	267
25	157
116	325
160	191
127	268
115	199
171	263
60	313
38	296
209	326
57	244
16	277
63	119
33	121
93	187
162	327
21	58
104	296
235	293
159	185
108	253
124	146
127	328
143	312
250	316
6	201
140	292
18	308
187	230
315	329
17	132
51	53
60	218
60	230
10	212
102	264
196	330
28	99
95	256
45	55
108	127
88	328
45	252
222	331
127	324
155	188
28	148
220	237
208	229
292	326
312	332
34	282
236	252
35	197
187	199
4	233
65	205
39	333
70	87
107	127
213	253
46	208
69	126
79	334
57	246
111	219
178	265
104	218
207	256
296	335
141	287
50	179
103	141
189	264
130	294
93	171
13	336
79	111
71	136
131	296
58	75
215	305
74	337
180	189
37	90
211	313
56	124
54	338
94	181
199	277
216	221
54	117
2	150
72	201
207	339
67	107
129	261
176	221
210	326
13	254
217	340
148	319
140	225
152	260
128	258
160	328
63	90
130	341
163	321
251	322
1	267
138	312
77	328
87	342
10	294
117	235
164	277
7	70
99	205
332	343
213	287
180	244
74	220
12	334
115	303
145	344
2	139
108	322
30	61
144	293
157	337
307	345
75	304
48	218
148	258
145	313
176	198
54	136
162	346
297	337
213	336
8	99
141	284
32	36
250	347
19	160
30	112
8	85
123	206
56	264
196	348
109	321
40	80
127	247
67	78
93	184
105	349
36	159
47	168
71	261
137	172
13	156
223	350
242	272
3	246
48	296
3	14
3	57
221	351
63	236
3	73
228	344
261	323
305	341
36	352
64	306
223	284
63	320
117	321
29	220
68	76
227	353
263	303
85	176
192	268
276	317
4	326
43	354
139	167
5	40
193	201
7	51
17	269
256	320
332	355
36	120
173	344
19	186
51	112
142	277
183	356
115	135
132	273
274	283
114	349
63	101
106	338
324	357
77	119
123	152
3	221
19	135
56	188
332	358
291	316
48	352
17	202
107	231
132	321
153	353
142	359
204	341
67	176
77	167
221	268
75	360
153	359
107	281
4	150
160	218
80	203
285	361
20	165
43	140
84	151
168	226
112	180
200	219
86	362
65	274
199	303
284	322
215	245
108	213
40	362
112	363
30	52
191	243
213	222
110	132
38	67
259	364
53	176
106	237
40	63
71	336
37	156
58	225
155	365
41	286
141	253
26	53
148	261
38	335
67	87
166	366
3	268
219	300
102	146
51	253
165	264
48	243
36	367
39	45
35	119
307	334
303	341
72	148
57	156
275	368
73	150
71	258
62	135
35	166
305	324
9	362
129	369
67	113
134	154
37	356
8	338
84	101
19	189
15	370
274	335
79	143
185	247
111	359
363	371
157	247
240	264
16	155
138	216
40	76
186	328
94	372
130	212
174	306
16	359
16	204
83	312
16	353
48	373
22	336
30	246
295	324
96	140
188	190
124	264
331	374
12	245
241	328
223	253
116	270
205	209
64	214
251	375
144	192
32	214
123	225
182	308
160	221
36	197
201	376
68	200
133	257
77	338
52	285
222	336
234	377
41	90
156	225
249	254
39	309
4	220
97	336
352	378
96	145
272	330
31	138
237	247
189	333
29	379
177	185
13	15
59	62
167	316
72	159
361	380
93	212
53	309
14	357
10	324
201	302
103	213
139	381
151	156
62	123
94	165
55	252
219	272
77	267
56	382
284	336
3	364
181	233
124	190
73	301
124	151
33	383
101	115
327	346
5	271
20	257
63	256
340	384
27	67
137	245
58	77
5	340
242	385
46	163
57	306
324	328
50	81
219	234
20	386
130	166
47	175
111	353
107	160
110	151
253	387
121	138
18	57
257	264
25	201
69	362
120	306
106	388
2	91
279	326
7	127
42	254
36	175
87	205
258	389
24	200
328	352
154	276
64	286
49	275
152	197
26	390
302	376
217	300
87	352
320	391
7	255
53	150
100	362
145	256
132	310
35	354
57	392
228	313
64	244
38	126
184	362
55	382
278	393
249	305
60	171
83	239
29	159
128	175
139	193
152	394
4	7
67	258
285	380
193	362
62	64
17	189
138	395
238	312
118	147
134	140
19	263
174	269
304	360
144	396
103	284
175	328
8	368
32	62
10	263
92	354
252	397
290	394
217	384
142	227
31	198
252	385
243	335
349	398
150	178
124	165
60	373
44	307
154	368
23	177
251	399
108	222
32	112
187	303
235	321
92	95
97	350
397	400
107	169
267	377
247	297
107	215
80	183
288	396
28	401
133	181
155	181
262	368
71	156
182	269
180	363
375	402
170	257
222	223
343	358
54	337
19	218
148	175
291	403
118	216
194	235
124	181
165	224
177	404
151	257
27	242
84	145
13	89
204	327
172	215
215	405
93	327
43	282
108	287
20	190
162	303
143	144
45	406
194	234
151	240
271	340
177	247
108	387
76	353
178	407
49	153
133	386
218	335
7	181
301	381
298	361
169	408
160	373
85	303
222	253
157	313
296	352
113	262
89	409
25	337
151	224
308	377
7	172
4	256
219	410
203	326
101	119
293	396
210	231
40	188
212	327
213	411
52	252
174	356
385	397
73	127
7	220
186	357
266	412
55	266
55	386
264	382
226	325
269	306
36	156
231	413
194	370
45	385
115	294
4	315
232	330
3	328
75	414
375	399
131	243
33	274
179	234
71	415
298	347
194	310
211	366
90	189
265	381
333	416
193	311
53	359
83	383
249	349
204	346
58	282
73	417
27	63
365	389
171	204
137	176
78	101
195	268
265	418
19	308
236	242
99	193
241	407
46	409
238	332
287	419
46	76
118	143
74	185
143	193
2	230
67	414
249	420
189	399
140	166
160	325
190	266
189	207
246	356
281	421
75	252
22	390
322	399
264	311
287	421
88	324
325	422
125	362
255	364
180	242
179	321
385	406
58	62
257	423
156	256
120	225
107	387
80	317
297	424
137	330
301	417
140	413
52	232
73	343
420	425
130	346
15	103
49	389
208	376
133	352
31	61
293	426
90	286
161	373
122	165
67	371
114	137
82	159
118	427
10	303
309	333
198	293
40	130
46	153
316	428
7	153
144	176
143	427
31	105
192	396
52	361
20	429
69	93
18	27
124	127
249	299
327	403
127	408
391	430
5	78
204	311
179	370
122	136
177	388
157	388
140	431
381	417
2	407
66	362
167	432
306	324
17	356
17	119
82	175
133	372
18	38
380	433
160	292
185	404
87	335
57	225
56	155
247	302
256	434
121	153
15	310
94	190
65	196
111	180
123	252
33	435
116	127
250	319
49	384
23	147
132	244
265	436
42	114
96	256
45	92
46	66
398	437
251	372
44	238
176	293
120	152
192	438
157	177
112	282
134	320
5	190
25	278
116	403
201	439
65	137
180	289
223	375
141	350
186	324
86	440
299	349
96	134
155	233
120	180
5	175
184	440
397	441
93	128
13	284
31	85
272	396
174	225
96	442
198	215
61	144
50	235
62	115
4	443
7	42
126	153
235	331
12	25
43	231
132	370
161	444
86	321
128	250
136	259
104	373
202	264
79	215
287	445
175	298
271	272
24	176
53	383
322	387
187	263
246	446
12	51
41	333
68	216
18	93
110	190
70	299
268	447
36	157
139	175
137	232
138	176
374	448
34	248
75	140
298	316
43	207
410	449
31	129
173	313
20	155
169	328
75	413
167	336
280	450
21	443
159	280
122	388
122	257
82	190
45	354
448	451
309	313
68	137
210	443
258	336
161	296
11	259
25	452
204	294
166	346
19	88
141	336
6	338
349	424
151	453
252	285
88	357
135	153
51	95
119	344
203	273
231	454
171	316
160	414
214	392
29	338
121	249
69	333
291	455
276	368
102	224
337	424
362	440
108	281
101	225
294	456
201	379
46	368
263	316
190	257
120	140
132	457
61	115
308	374
385	400
419	445
5	234
36	359
74	458
115	372
221	404
210	364
247	328
108	399
212	263
402	459
67	282
78	362
304	413
334	345
71	291
131	460
286	309
59	354
37	354
125	213
7	103
7	116
97	461
131	367
67	139
90	135
227	359
18	203
99	329
364	462
76	103
57	80
253	336
102	257
49	276
166	173
290	463
172	330
280	388
143	332
2	301
361	377
48	378
330	464
331	448
226	422
28	205
232	239
214	459
286	465
277	380
198	249
263	302
241	324
109	370
132	466
221	447
87	105
247	450
302	316
5	206
54	157
333	467
198	405
125	336
8	254
231	304
223	302
117	136
231	468
125	375
198	254
7	43
297	302
326	443
39	126
441	469
181	209
136	178
80	134
70	288
329	470
325	403
103	277
2	463
162	245
416	467
124	365
431	471
143	205
100	391
58	63
154	275
182	446
91	150
296	472
211	411
11	444
251	287
72	247
77	226
41	473
157	376
110	122
129	265
200	299
53	128
394	474
21	95
296	378
56	257
15	457
91	168
284	387
11	475
123	317
80	392
67	306
141	223
216	232
203	443
145	476
245	254
170	181
18	121
46	123
211	477
68	176
183	306
110	311
135	242
31	478
286	333
117	438
186	433
106	390
355	358
236	397
33	479
131	475
305	405
238	267
237	337
304	468
230	359
343	480
145	150
126	252
362	375
130	263
160	326
233	326
440	481
320	430
260	394
171	288
381	436
115	230
28	43
461	482
34	246
375	459
57	103
387	399
84	134
437	483
38	474
147	177
274	383
68	195
132	450
209	484
91	292
187	294
196	239
192	221
86	481
411	485
65	221
50	457
261	389
23	67
68	99
87	486
279	443
48	335
69	440
171	444
202	356
343	355
300	487
133	153
360	414
65	232
308	459
126	278
30	207
409	488
269	356
59	101
46	86
90	246
199	327
284	287
153	489
8	288
286	416
154	384
47	150
157	185
206	317
221	490
280	467
111	194
91	261
234	393
177	458
217	410
123	491
90	282
134	207
213	284
134	473
324	408
13	63
263	492
191	486
50	310
169	221
9	440
63	156
156	323
350	493
7	71
304	414
246	488
205	221
23	247
85	133
113	494
398	483
103	407
62	134
49	208
394	410
276	432
40	495
71	250
25	240
159	390
77	369
357	408
229	275
441	496
321	481
284	411
26	127
403	455
385	497
388	404
145	220
219	325
238	299
120	255
58	180
163	498
149	362
200	209
68	312
272	340
264	365
417	436
168	499
73	93
336	411
255	335
229	368
32	189
9	500
177	201
5	23
212	294
211	309
108	284
340	410
407	501
60	486
232	312
76	359
166	231
259	462
215	221
50	502
155	190
56	435
212	468
98	255
288	426
300	340
469	503
189	246
245	330
77	381
210	273
418	436
231	504
187	346
15	321
390	479
132	498
213	485
305	349
20	505
417	418
223	493
57	77
81	349
157	424
299	420
165	506
18	315
131	352
140	244
73	484
11	191
300	507
295	305
102	386
131	486
181	443
332	427
308	508
104	273
168	323
62	473
240	382
4	71
81	150
422	509
89	488
38	46
5	507
290	508
224	412
79	383
452	510
213	281
53	353
140	471
7	118
161	475
52	134
309	511
151	170
256	271
211	462
257	453
281	350
32	512
249	293
10	230
300	410
85	394
88	308
109	235
205	513
126	473
164	359
122	126
36	93
270	422
209	438
286	514
111	267
58	134
225	269
102	155
171	230
216	395
104	515
291	347
154	208
4	484
233	443
123	282
287	516
110	386
208	276
27	40
75	436
178	369
325	455
112	517
195	490
256	442
159	247
92	180
435	479
183	446
275	518
44	332
126	385
162	171
315	470
19	76
267	508
468	519
37	333
301	418
116	150
53	253
113	189
70	405
445	520
396	438
66	318
235	466
122	453
2	129
20	521
264	506
293	305
356	446
79	245
465	514
507	522
484	505
286	306
191	373
76	133
149	490
245	464
404	523
190	521
337	458
377	508
255	462
138	232
68	143
11	524
30	174
13	401
164	235
288	305
225	317
159	302
442	525
376	439
132	399
60	65
17	304
139	150
335	472
31	526
353	359
222	279
178	463
364	501
38	44
323	499
469	527
374	451
48	475
43	512
277	353
38	159
89	272
451	528
9	481
56	472
381	418
82	376
374	528
227	489
244	529
262	494
416	465
139	298
198	245
19	117
19	86
179	530
277	359
67	267
63	88
106	220
99	470
126	354
99	531
4	271
44	345
135	156
270	316
203	294
215	532
19	100
28	215
13	281
121	435
8	48
131	255
98	533
209	443
3	462
7	221
159	237
184	500
24	534
109	169
355	427
99	345
260	474
145	286
170	535
290	301
252	380
96	120
222	448
137	487
1	23
522	536
134	252
96	228
277	489
50	91
64	77
340	537
143	170
114	147
132	455
123	244
24	45
85	263
175	538
447	490
168	407
251	493
67	127
410	479
82	337
378	539
267	313
198	232
199	263
296	373
123	512
295	349
432	540
110	181
28	405
166	242
476	498
77	301
225	260
318	541
281	485
304	454
67	410
118	245
149	447
81	415
231	542
228	309
241	408
78	440
109	502
223	336
413	504
521	543
194	530
273	309
22	56
219	488
33	478
406	487
50	544
8	518
26	98
520	524
100	440
19	289
67	99
316	545
50	321
469	496
345	470
7	143
159	379
78	500
34	546
2	538
454	542
419	520
105	137
321	370
138	332
347	547
285	467
41	126
157	390
290	418
220	337
41	371
311	548
110	266
29	247
120	442
160	460
302	379
167	250
53	549
49	368
155	170
336	448
121	215
58	72
200	216
61	550
323	389
295	398
103	336
110	548
535	551
262	513
125	184
149	443
7	319
30	312
69	263
251	552
149	238
107	495
406	497
47	316
349	483
99	312
423	553
146	224
217	488
8	533
146	155
70	99
91	541
174	554
176	254
208	368
94	485
104	486
33	526
366	477
129	555
376	390
154	359
218	367
179	544
179	502
364	457
465	556
218	342
169	324
374	459
210	484
19	433
306	416
494	557
162	212
75	95
5	276
56	372
18	198
12	121
541	558
234	508
48	368
234	271
182	356
448	475
29	185
209	559
160	281
292	432
16	489
138	479
69	481
364	499
145	560
75	417
185	220
119	220
359	549
107	213
217	234
211	561
42	121
19	254
40	440
97	156
77	314
21	80
262	562
122	506
5	522
225	491
134	225
374	375
302	563
12	32
116	168
349	405
13	287
66	440
3	143
67	564
118	205
91	258
428	545
166	394
331	451
313	565
364	412
142	489
366	561
20	92
4	250
56	453
220	566
6	337
23	220
328	408
200	332
112	174
495	567
397	469
1	78
275	276
291	547
501	524
159	220
352	568
233	559
143	250
51	406
79	118
320	434
78	495
64	569
46	267
80	546
13	19
20	382
13	322
488	570
204	263
105	216
77	250
78	567
104	110
204	212
119	571
86	524
369	463
209	216
234	541
114	176
410	488
422	572
142	353
195	447
338	381
109	113
430	434
239	274
154	573
15	162
229	515
248	380
151	155
291	545
212	574
125	448
338	379
7	162
138	198
49	573
40	44
128	575
224	264
84	282
273	326
67	117
274	290
248	285
9	576
205	395
261	369
109	544
347	455
86	98
11	137
46	577
128	270
50	370
100	576
494	562
42	138
185	237
337	578
184	576
269	500
5	123
250	367
357	503
482	579
194	321
380	385
165	257
8	577
196	332
409	570
571	580
179	273
72	137
44	274
292	465
391	434
96	152
275	581
16	549
237	338
317	512
113	254
58	101
77	241
276	582
235	288
341	581
67	98
7	167
22	376
105	583
50	76
395	479
110	257
44	144
89	108
20	240
423	584
486	515
205	232
3	29
3	18
5	410
234	585
44	85
48	66
156	244
350	461
25	510
86	576
14	586
237	404
266	521
106	451
272	410
441	527
104	502
75	587
64	182
297	450
218	486
191	335
89	176
258	291
361	588
203	484
277	549
232	288
119	225
109	136
274	589
333	356
104	342
72	237
235	544
213	223
88	408
146	590
294	346
503	527
3	56
30	256
252	413
330	396
391	591
130	302
80	446
101	145
89	410
18	130
207	560
527	592
29	67
416	556
268	490
166	413
38	155
426	593
141	493
375	493
220	344
87	367
211	394
77	93
358	594
145	166
50	234
153	549
52	380
365	506
246	595
65	216
467	556
215	232
109	341
310	502
246	306
242	596
10	327
246	530
241	357
279	484
402	493
304	306
88	597
149	326
267	585
305	483
383	589
101	356
471	598
192	195
36	61
72	458
107	336
96	525
551	599
103	251
79	513
7	243
31	137
255	367
31	143
543	600
295	437
267	363
374	402
315	466
199	557
212	303
97	601
55	397
107	493
169	173
299	534
82	177
67	123
3	602
109	530
344	571
17	134
23	452
1	148
188	603
270	428
213	331
29	302
477	561
173	211
481	500
17	604
64	92
259	380
238	343
99	232
119	134
148	605
353	477
281	567
7	37
131	499
192	351
17	53
453	606
41	392
264	386
407	538
81	499
76	549
49	582
73	607
254	288
43	62
113	286
128	422
296	367
78	267
241	608
178	367
13	493
3	189
53	609
193	440
131	378
132	297
177	220
78	481
60	524
481	610
190	543
67	484
64	180
169	456
256	302
82	247
210	611
177	379
254	464
88	92
88	456
63	95
564	612
462	602
503	592
100	254
329	345
13	30
118	613
183	189
26	247
110	310
310	498
8	582
206	512
351	614
246	268
236	306
286	313
243	525
142	549
434	591
183	615
458	578
500	610
37	134
534	580
7	74
397	406
565	616
36	335
337	459
160	273
3	27
214	244
248	275
25	617
94	264
72	338
8	43
270	291
7	108
239	330
446	618
243	444
119	313
44	383
71	246
1	30
35	134
535	619
265	422
333	465
79	121
203	230
107	504
76	251
555	620
201	337
1	481
25	397
56	107
254	330
118	172
203	621
189	225
457	498
114	254
19	234
74	302
53	489
306	622
242	289
228	525
86	495
70	176
412	521
2	499
403	623
163	370
111	215
7	75
125	322
42	137
248	361
333	624
352	367
325	572
312	395
136	167
273	574
56	365
598	625
201	297
219	276
24	505
332	480
199	346
370	530
208	626
253	375
178	499
75	80
445	516
292	540
303	574
345	627
495	500
7	160
197	473
182	393
202	446
228	240
101	628
293	593
144	613
1	564
290	407
86	466
191	296
330	629
53	604
279	621
94	506
290	436
508	623
366	394
235	630
457	544
331	485
218	472
169	597
146	365
144	268
535	631
395	619
285	385
38	367
471	625
20	142
270	572
10	632
70	315
16	19
14	247
24	93
13	236
369	633
271	300
180	282
209	219
86	500
255	602
103	322
308	634
183	305
169	357
161	335
358	427
243	367
495	610
561	635
248	377
173	309
261	291
196	290
162	243
241	476
313	636
516	520
204	469
224	590
465	467
399	493
367	588
330	637
73	178
307	329
387	493
109	617
201	566
116	323
275	638
122	181
19	208
495	542
246	256
186	586
105	121
445	639
355	594
259	602
551	619
217	522
599	619
182	306
605	640
487	507
323	369
67	612
166	169
126	474
66	481
93	641
8	382
375	387
475	499
182	304
21	123
475	642
34	134
363	517
102	165
134	317
354	643
182	618
110	365
68	315
131	168
172	196
402	644
353	549
500	567
283	435
253	287
300	488
67	88
563	645
281	322
370	466
182	271
236	248
4	82
69	646
162	294
40	481
106	462
280	379
498	513
284	419
243	647
335	367
431	530
237	523
226	290
18	508
533	577
431	648
308	439
272	409
136	291
381	422
507	536
431	625
532	649
203	236
158	268
125	281
347	545
200	479
319	605
572	650
145	465
371	473
99	274
417	484
147	338
200	343
318	651
213	399
69	500
231	309
87	243
132	140
85	652
311	365
70	531
11	486
192	216
64	134
410	570
297	653
111	377
290	295
50	630
300	536
23	89
20	453
70	654
120	246
30	392
38	486
297	390
260	628
131	444
137	655
267	576
104	475
334	627
382	453
204	456
119	656
27	304
427	613
54	408
240	257
302	645
102	412
450	657
226	484
160	357
50	309
76	260
64	270
267	634
216	658
139	314
551	631
166	636
238	268
374	387
66	500
360	659
165	240
22	461
3	372
521	600
85	101
489	660
171	294
233	611
35	392
155	521
379	563
272	487
424	661
508	585
471	648
509	572
292	357
82	302
531	654
525	662
119	494
496	503
542	651
226	319
440	545
263	294
93	663
191	439
128	261
44	405
251	549
509	650
524	664
325	509
165	423
323	475
36	568
220	247
12	268
214	665
81	265
310	321
340	365
50	608
107	405
343	666
187	212
369	389
160	585
168	325
461	579
69	335
499	667
134	354
136	607
430	439
39	101
481	576
249	425
578	668
344	580
278	473
71	270
176	268
78	610
134	560
441	669
355	613
396	426
347	403
25	297
553	670
277	613
27	134
58	491
44	198
390	450
544	630
391	671
565	636
368	573
352	539
114	138
179	498
443	474
228	672
201	237
103	197
284	520
31	405
59	80
369	407
91	673
119	391
53	669
417	422
11	664
261	545
348	674
380	613
169	586
93	598
567	610
19	326
22	151
59	675
66	311
350	579
300	384
2	148
84	182
141	579
494	676
148	159
270	292
60	173
187	611
27	101
5	488
103	677
37	101
285	406
139	415
1	312
141	251
257	410
376	678
190	600
238	420
125	493
364	602
272	594
151	679
98	530
104	472
10	346
340	488
258	422
84	333
12	680
276	577
76	533
202	289
61	176
3	42
169	448
176	681
265	407
11	460
164	323
369	499
314	415
667	682
247	424
502	544
124	311
196	305
228	662
339	560
566	683
109	466
213	461
26	379
544	608
153	660
181	205
639	684
22	76
475	486
103	485
170	619
508	634
160	586
137	685
393	618
288	299
138	330
154	626
360	468
53	660
534	686
129	291
141	375
602	672
293	611
211	242
52	101
503	687
313	344
201	462
325	417
599	631
308	433
50	202
617	688
22	247
479	643
172	464
49	111
504	542
95	145
260	689
349	437
430	591
51	134
443	484
98	518
1	46
450	690
39	75
441	503
21	63
468	659
150	267
23	338
102	691
149	484
102	495
241	586
145	169
352	486
621	692
41	231
158	192
487	522
159	376
562	663
292	428
348	693
299	425
193	576
281	445
286	467
331	336
174	312
252	694
396	629
344	565
4	283
200	349
113	309
53	594
509	695
344	616
129	319
541	673
71	154
125	253
35	80
436	696
16	660
444	647
166	309
49	369
544	582
112	554
425	697
641	663
50	498
385	467
40	500
307	470
359	660
88	698
123	694
96	262
414	468
169	698
64	95
341	574
634	699
100	107
44	137
275	672
309	468
136	265
333	700
232	283
127	698
154	581
148	316
110	402
381	701
412	600
259	581
173	477
62	203
322	350
459	644
300	702
533	582
109	207
97	577
500	576
220	390
79	99
414	703
238	490
94	311
592	687
147	337
125	223
74	704
340	409
309	636
421	516
64	675
26	297
573	581
220	705
266	600
46	585
396	613
43	309
490	706
298	547
141	222
399	552
78	130
19	256
287	707
79	589
162	263
2	323
625	648
278	397
477	657
283	708
44	187
89	97
103	354
146	264
519	659
32	709
487	536
98	598
232	470
112	197
11	373
79	345
396	710
388	450
406	469
142	609
19	333
50	206
428	540
350	711
256	595
577	582
205	233
527	687
45	400
162	663
290	712
96	180
149	312
248	413
172	708
165	386
589	713
29	337
302	337
424	458
488	702
443	621
585	586
428	714
420	534
508	699
343	613
253	445
191	378
233	484
241	715
154	250
131	335
364	552
156	166
100	434
420	697
5	716
655	685
328	539
116	541
116	607
150	207
211	717
31	203
350	399
197	260
217	539
302	704
375	552
293	718
15	172
436	582
103	399
137	249
43	643
189	719
19	698
377	585
243	486
98	612
78	576
18	244
193	720
357	586
155	535
262	557
193	500
151	412
174	189
406	721
586	608
67	601
28	259
253	284
391	494
560	679
58	722
40	71
115	702
585	699
315	345
55	157
147	458
21	723
248	385
58	59
328	357
624	700
63	84
547	724
362	500
610	648
209	695
78	720
230	265
158	176
315	725
102	133
628	653
191	569
143	176
156	169
170	190
594	726
498	544
326	484
133	320
403	545
50	65
507	716
540	727
123	207
604	669
377	699
277	660
418	422
440	576
446	728
358	666
229	638
52	236
106	450
200	613
530	566
493	729
619	631
293	613
240	506
223	387
273	370
41	723
103	730
182	282
594	666
7	112
99	526
400	467
316	455
716	731
1	612
69	250
224	257
133	240
155	631
7	732
439	508
576	710
140	189
213	350
113	333
129	314
3	733
145	278
68	239
168	265
191	414
318	673
226	291
486	734
390	451
46	191
535	599
233	458
629	710
105	176
685	735
143	216
157	523
294	663
271	684
370	602
269	286
594	736
26	220
324	437
208	359
563	704
138	254
594	737
330	470
5	19
7	34
160	597
107	220
273	738
160	324
553	704
674	693
197	371
143	618
296	568
408	739
268	395
431	598
501	538
417	696
72	141
5	740
262	339
11	367
38	390
522	716
60	342
378	472
66	741
116	432
529	612
109	351
233	621
9	610
120	256
65	742
480	666
155	571
195	315
139	291
149	375
333	433
608	743
414	519
264	266
481	720
164	353
380	397
76	88
204	744
469	669
4	559
216	274
214	354
84	174
549	607
485	745
324	698
199	230
124	619
44	583
510	617
460	530
392	746
78	410
140	719
395	435
209	621
31	245
431	747
307	513
347	428
7	226
95	123
182	569
119	255
744	748
183	728
438	629
69	610
377	465
175	190
150	318
210	749
380	469
469	721
11	242
129	270
115	207
511	610
397	750
372	506
32	356
510	749
188	453
158	315
20	99
240	751
114	274
164	537
109	630
199	590
220	683
471	747
551	752
255	588
376	645
149	184
170	599
1	368
101	106
557	753
540	545
388	506
44	232
148	369
76	128
488	716
320	754
434	671
12	685
257	751
124	631
198	550
322	755
359	489
414	587
115	341
83	103
222	441
160	698
717	756
285	397
422	436
78	110
113	183
27	596
18	585
140	757
46	229
230	263
575	649
154	298
93	346
150	607
78	758
104	402
138	143
440	500
329	334
244	665
67	221
626	759
191	539
223	281
3	19
10	612
407	499
471	760
440	495
411	520
545	749
32	333
49	518
196	268
495	761
171	212
219	507
686	690
368	626
324	398
91	175
600	762
172	221
512	709
496	721
88	586
559	621
307	383
418	763
362	481
228	262
462	733
232	233
314	369
35	431
278	764
377	510
174	289
29	563
7	212
235	370
42	479
554	765
147	297
112	182
175	422
318	364
86	483
295	299
466	766
265	499
38	143
585	634
368	447
95	119
111	684
159	767
52	120
726	736
510	688
239	332
537	614
104	352
1	768
578	614
36	767
488	507
248	469
92	313
552	769
424	578
71	175
377	634
111	273
301	701
311	506
179	770
85	312
233	513
553	584
255	714
146	257
195	312
567	771
522	731
363	473
277	609
264	631
329	513
301	463
641	772
135	140
33	232
13	510
156	320
85	212
598	648
642	773
199	287
227	649
307	315
7	81
461	577
128	605
106	774
290	291
445	684
579	711
261	605
218	352
46	198
697	775
553	730
79	742
320	354
308	585
318	501
127	246
746	776
455	509
350	411
157	220
380	588
53	636
82	645
639	777
234	634
52	225
539	568
69	99
38	378
5	90
643	778
255	535
489	549
190	224
217	343
91	265
305	318
19	779
28	143
51	719
169	175
166	197
50	685
329	780
265	290
287	549
324	739
461	485
493	711
56	91
458	781
146	311
446	546
9	143
178	607
546	618
208	518
516	782
66	576
548	769
104	367
123	145
98	441
260	783
303	327
747	760
222	387
110	631
34	101
191	352
399	784
3	230
368	769
196	629
250	422
67	498
80	140
255	785
59	135
348	481
227	549
18	634
292	316
66	267
549	786
215	649
39	446
14	328
81	270
218	460
390	566
334	787
79	137
221	614
274	713
44	654
209	519
12	179
574	788
127	357
405	550
212	652
89	105
374	399
413	789
498	530
581	626
67	160
634	715
456	744
111	660
713	790
50	735
133	264
49	285
265	667
655	735
311	327
602	791
79	221
154	672
650	695
1	362
105	119
251	302
588	792
242	309
128	291
181	505
462	791
374	390
90	320
44	793
106	147
252	289
378	474
564	768
6	617
76	660
122	794
367	664
335	352
54	237
158	195
475	664
87	612
289	795
484	740
130	576
71	605
307	405
385	469
353	609
355	796
50	530
38	577
61	157
100	500
177	338
109	145
453	797
23	510
17	80
201	458
164	549
3	785
310	534
377	798
7	317
29	388
536	702
60	378
19	723
322	711
394	799
249	315
394	636
148	612
172	198
417	509
208	779
203	800
144	412
38	305
654	793
46	596
386	429
651	801
175	408
281	755
211	756
181	453
521	631
411	524
364	802
144	254
132	738
150	250
86	610
70	158
322	461
134	803
198	470
57	75
297	328
354	406
352	734
328	608
134	804
344	525
67	768
237	566
196	693
342	515
257	372
443	805
169	608
176	614
5	487
499	682
118	196
384	539
285	806
106	337
3	451
14	739
552	784
312	490
56	603
791	807
115	327
13	350
129	620
94	257
324	586
490	614
394	808
527	669
3	174
165	170
112	765
270	575
105	198
234	809
279	559
408	715
12	544
8	626
362	576
11	296
494	810
340	536
17	285
397	467
25	450
233	800
70	137
638	811
271	410
46	570
165	188
372	382
327	510
98	368
43	812
591	671
208	581
351	396
663	772
46	276
692	772
757	813
323	538
557	562
114	221
179	310
4	531
152	180
443	814
586	597
167	270
415	605
162	772
373	675
35	282
18	815
497	721
382	386
125	284
84	189
287	399
83	254
4	816
197	392
279	805
598	747
341	788
220	504
143	693
35	817
207	214
516	698
491	512
683	705
498	770
180	273
129	818
89	300
274	336
151	779
89	153
362	484
612	766
711	819
296	368
272	488
342	612
50	273
50	393
215	490
356	820
78	802
141	419
135	779
12	550
12	332
467	821
79	349
157	452
90	134
229	581
404	566
360	822
181	264
279	611
186	408
259	406
583	654
185	338
733	823
101	120
376	458
292	318
514	556
89	740
60	352
823	824
370	498
389	463
357	698
74	388
180	665
115	663
622	825
185	563
102	429
416	514
334	383
34	145
488	826
27	123
625	747
110	720
21	119
259	791
328	715
599	827
177	774
555	818
308	644
501	651
448	459
42	654
158	828
389	545
310	544
346	413
282	554
290	696
16	254
559	829
152	354
277	786
359	786
535	827
803	804
634	815
761	830
122	311
317	320
154	582
286	304
175	575
461	601
105	831
49	371
395	513
87	539
581	582
95	132
305	490
202	832
448	528
441	598
66	495
501	801
443	692
163	164
299	833
283	810
78	771
121	221
153	609
23	409
39	517
708	834
121	137
7	265
88	608
412	552
365	634
622	732
51	835
157	510
173	525
491	709
11	17
366	799
807	836
3	586
191	475
152	244
395	658
47	154
563	837
288	349
357	597
313	394
454	468
112	243
226	265
495	838
75	604
50	770
25	688
546	728
290	763
13	18
203	839
147	154
132	544
331	528
194	466
520	639
81	298
88	840
21	101
486	568
308	732
378	443
58	596
453	679
86	841
335	444
267	768
178	270
337	390
508	809
70	425
315	842
458	661
123	612
157	394
128	316
56	186
391	754
158	843
67	114
156	415
174	285
609	697
252	795
126	156
460	844
698	739
629	637
94	619
203	533
758	771
481	495
527	845
286	454
113	656
791	836
235	305
591	754
392	776
516	846
217	487
579	819
416	807
799	808
501	811
466	544
611	847
214	262
565	580
215	708
259	586
22	219
332	348
602	848
126	207
254	299
162	574
456	748
374	644
91	301
31	849
428	727
19	321
353	489
528	644
351	438
246	820
636	850
23	153
487	731
302	678
103	129
66	444
7	8
692	851
612	768
64	309
499	602
353	823
541	651
112	135
124	852
365	535
629	693
585	676
362	758
31	45
503	598
701	853
296	540
613	718
121	312
8	521
229	811
22	217
713	854
196	685
530	779
719	835
107	579
15	544
561	756
568	855
14	280
286	344
306	825
107	251
408	698
444	576
614	856
455	466
158	274
560	804
592	779
83	171
50	274
354	857
400	556
98	139
249	697
46	582
167	178
412	762
478	858
340	826
165	631
583	793
181	590
67	201
380	527
450	859
129	168
459	552
41	354
56	793
390	458
231	511
604	860
794	851
344	454
178	226
263	346
230	346
169	743
551	861
210	800
443	816
38	460
290	547
348	480
676	810
350	862
271	488
529	732
73	422
459	769
402	528
321	348
140	863
618	728
408	586
675	829
328	586
36	296
69	576
669	864
3	269
313	333
4	839
27	53
482	711
348	629
333	865
74	563
101	397
180	246
20	372
170	495
235	498
704	866
648	747
529	665
206	636
235	310
72	185
424	653
278	867
379	645
203	816
150	258
213	251
581	602
216	245
156	868
60	335
527	588
634	809
214	228
359	620
39	869
134	391
313	561
239	550
61	697
9	495
616	636
214	870
83	405
60	539
20	535
377	385
128	429
36	243
350	871
645	678
206	604
159	458
181	203
72	220
280	404
381	872
55	107
468	504
72	605
331	390
258	381
116	298
138	873
78	646
209	230
597	670
353	660
10	574
329	826
115	874
582	846
373	568
215	349
130	632
77	347
379	710
502	875
219	522
111	524
365	590
87	515
814	816
272	536
524	876
40	136
657	690
205	307
653	661
192	613
125	387
159	877
138	249
361	469
414	822
2	209
303	346
41	145
667	878
434	442
42	550
289	413
131	539
400	497
19	442
490	879
106	404
419	684
526	823
89	448
368	582
349	649
47	880
169	528
495	771
449	488
307	787
5	130
102	292
826	881
530	630
48	367
470	842
189	309
132	157
417	695
248	882
114	215
123	163
63	123
226	575
282	569
334	589
225	883
537	625
7	177
75	306
440	750
387	552
419	639
587	884
7	79
185	424
97	448
347	369
689	783
608	715
262	885
408	608
699	773
63	361
24	143
135	803
464	708
545	886
229	582
505	590
224	240
184	559
67	94
233	839
376	887
113	242
269	289
16	609
378	568
325	623
578	653
741	888
207	333
234	290
586	698
32	268
354	560
155	264
277	889
58	446
61	172
450	510
486	664
120	202
140	156
291	890
376	510
679	797
18	176
139	226
239	299
345	826
20	891
752	861
170	827
561	717
195	200
146	340
27	320
342	892
589	787
243	303
12	613
92	244
215	513
715	823
357	893
324	840
214	672
130	276
790	854
500	741
309	669
289	894
430	671
147	247
308	597
269	344
18	466
354	778
296	895
308	779
10	341
843	877
203	814
88	893
778	857
304	896
29	71
454	565
295	483
75	246
533	626
442	662
748	897
645	837
67	661
626	779
185	850
103	784
54	510
541	898
495	576
212	435
769	784
364	865
287	375
113	304
167	899
861	878
367	486
336	461
74	661
156	193
36	884
276	900
764	867
107	190
379	450
338	872
52	80
458	901
20	48
589	790
543	762
767	877
7	299
692	814
89	902
635	756
503	588
255	791
848	877
463	538
716	903
462	836
229	626
79	534
700	865
678	887
359	609
127	904
204	230
132	439
581	788
518	533
777	905
10	663
621	814
222	375
129	381
385	732
259	361
659	906
621	816
357	715
595	820
47	87
116	258
362	780
382	907
111	549
488	530
294	341
480	674
172	216
786	889
828	908
455	650
357	535
177	302
233	847
378	475
602	909
6	53
5	570
403	540
77	392
110	794
343	374
578	910
238	349
542	838
163	723
567	741
74	837
158	427
878	911
442	671
255	836
16	786
520	572
323	682
3	802
91	912
107	110
7	86
431	732
292	899
25	237
6	302
310	913
140	813
34	58
275	582
149	559
173	442
243	352
337	914
608	698
460	524
518	577
95	135
47	463
385	588
561	915
571	656
9	758
357	886
599	811
458	566
191	871
483	916
159	450
269	313
139	369
175	258
88	739
110	749
238	917
336	784
587	703
413	471
29	458
390	510
9	720
312	918
83	143
310	370
201	683
621	851
18	293
115	641
325	919
39	166
453	603
289	723
54	185
460	472
173	276
348	920
98	396
15	354
515	892
280	458
38	285
145	160
853	921
840	893
253	399
790	848
66	818
7	78
353	526
758	922
129	575
30	820
733	785
191	460
410	716
61	349
81	923
666	726
264	356
397	779
293	629
560	787
285	882
886	924
353	366
475	773
419	579
471	503
265	270
736	737
745	925
531	583
495	644
34	803
98	386
100	165
380	441
277	926
294	303
117	310
356	832
434	754
327	376
237	302
623	927
16	889
31	158
5	903
107	461
46	626
403	428
851	928
452	617
377	809
7	566
299	398
397	821
411	445
69	929
530	770
42	156
489	609
112	269
693	731
7	55
560	930
214	494
603	797
560	857
445	567
96	282
15	530
717	931
272	902
259	802
79	239
309	414
369	545
248	932
570	716
367	895
95	371
95	140
16	631
119	267
789	933
323	325
187	229
390	889
557	676
421	846
462	823
285	934
224	472
73	605
33	118
388	566
211	916
328	733
277	935
674	920
195	401
148	640
424	452
38	664
157	837
819	936
125	222
331	784
555	767
493	784
102	266
69	495
448	937
723	894
20	794
495	830
102	326
157	280
124	599
743	938
299	332
252	587
18	64
161	747
100	585
165	585
327	939
56	535
352	373
712	786
240	453
32	134
64	256
502	940
125	287
475	539
163	530
74	247
166	252
339	941
302	387
756	915
393	764
558	673
161	352
368	581
695	942
75	446
98	626
24	39
472	568
297	379
207	512
877	943
230	499
44	396
813	863
534	589
298	381
555	810
46	944
110	412
48	539
482	819
409	716
360	896
244	304
766	945
160	755
580	656
188	311
368	533
701	921
237	424
332	946
568	664
198	849
206	860
58	95
11	335
611	805
247	947
889	935
272	384
237	390
503	886
142	379
485	815
532	948
394	756
609	660
160	904
719	863
19	90
355	736
927	949
18	377
406	835
300	522
15	913
767	943
830	838
135	950
163	782
19	610
586	634
467	807
152	799
154	951
556	821
13	485
8	399
262	941
46	849
787	790
325	952
155	240
315	330
362	495
162	641
730	784
117	530
635	953
246	618
292	714
453	751
438	710
53	255
290	338
84	954
218	895
214	256
147	510
321	439
321	480
86	460
299	955
532	664
781	876
106	851
243	932
255	571
90	618
822	956
410	864
545	924
232	793
4	23
115	214
154	577
131	957
486	892
121	198
317	446
779	883
241	762
496	497
735	958
101	723
88	313
18	143
25	280
222	281
3	77
642	959
341	632
562	676
182	554
364	785
7	495
120	135
675	960
608	938
809	815
730	769
59	960
330	836
199	253
489	961
276	626
666	736
11	876
165	521
380	406
322	962
173	476
136	351
262	753
152	242
345	383
97	963
330	710
662	671
24	312
377	815
101	156
141	335
347	964
428	886
391	810
508	732
467	522
359	935
4	749
693	965
562	885
311	680
413	933
685	693
427	480
570	826
633	966
613	685
304	333
163	466
158	654
300	938
167	499
466	967
354	677
797	815
93	263
171	199
210	839
13	334
334	968
155	163
452	688
321	544
504	519
493	579
258	432
737	969
472	524
305	544
19	209
62	569
560	643
220	228
455	970
804	857
20	131
122	264
413	468
634	798
23	970
693	971
412	631
321	770
513	780
162	456
484	816
767	818
36	972
87	296
309	865
462	581
209	508
443	559
284	493
582	973
260	799
744	897
109	310
294	748
63	803
319	369
954	974
19	251
267	494
185	379
396	685
285	458
625	779
842	975
67	314
358	737
136	802
299	613
366	474
103	745
651	976
18	288
387	445
275	701
202	723
843	923
97	120
445	977
22	194
328	734
100	495
129	541
611	769
877	890
527	978
517	554
163	913
188	224
16	926
45	443
160	360
89	979
9	14
449	715
384	826
400	443
234	699
276	477
460	980
331	461
305	879
341	404
903	957
355	685
522	981
364	641
550	849
642	664
258	325
255	733
102	827
957	982
388	563
693	920
146	472
77	134
646	929
198	203
642	983
269	832
483	649
7	586
198	692
240	450
58	869
177	984
859	869
823	836
5	224
807	809
224	423
259	733
315	985
284	350
352	612
200	658
668	777
468	542
199	574
150	986
380	467
425	955
39	700
231	779
446	722
186	608
724	987
36	214
373	472
574	590
542	644
195	215
139	818
347	988
492	601
204	788
712	763
87	89
172	913
943	989
439	645
460	876
94	127
73	290
630	770
561	799
478	990
326	814
15	141
259	405
47	372
89	716
182	825
753	991
67	952
416	609
6	683
816	839
315	544
807	859
618	992
103	368
289	320
235	426
266	590
84	214
99	200
430	993
551	827
87	472
362	741
5	186
200	288
167	265
76	994
230	673
1	167
279	692
91	178
587	822
36	280
815	995
732	959
191	515
66	280
347	407
418	701
77	316
946	996
67	318
88	660
193	481
74	280
159	678
54	247
712	997
584	670
463	701
576	610
318	898
398	916
226	779
921	998
362	443
902	979
657	859
344	467
262	769
784	809
556	999
114	305
384	591
723	779
441	625
353	889
618	820
338	1000
125	711
753	941
275	533
538	651
249	815
34	123
258	436
285	807
223	402
866	905
719	757
236	493
19	114
136	175
164	267
521	535
822	896
711	936
102	899
318	540
503	625
581	638
830	936
281	336
372	521
186	360
169	840
377	995
400	416
131	794
853	998
177	523
496	687
763	997
437	916
197	363
589	815
690	859
457	630
779	794
467	580
726	779
17	468
211	231
2	381
137	195
102	190
67	474
7	589
7	130
7	308
281	399
272	938
588	598
113	310
533	973
207	309
41	768
627	998
564	765
280	424
507	826
564	875
51	732
699	995
62	119
632	805
304	659
500	888
181	800
50	466
266	720
456	772
40	793
180	183
105	708
169	938
108	350
29	617
304	344
271	749
523	774
5	18
232	842
148	633
186	453
854	895
131	409
188	266
268	917
521	762
268	401
167	175
249	647
484	800
70	589
128	415
30	62
25	220
353	980
684	777
382	751
87	378
390	887
124	891
623	952
904	993
395	918
114	288
27	282
743	926
828	843
767	989
420	686
72	337
722	728
549	660
4	698
13	387
261	415
496	779
620	810
959	983