#module 0 size: 5 bs: 0.0670321
2 62 64 68 69 
#module 1 size: 21 bs: 0.511109
13 14 15 16 17 18 19 20 22 45 46 49 54 55 56 57 59 60 62 63 65 
#module 2 size: 8 bs: 0.651441
1 31 35 36 37 38 39 40 
#module 3 size: 6 bs: 0.574408
27 31 32 34 58 59 
#module 4 size: 7 bs: 0.67298
6 21 22 23 25 46 47 
#module 5 size: 7 bs: 0.673268
21 24 26 42 50 51 52 
#module 6 size: 8 bs: 0.304141
4 5 7 8 12 41 53 67 
#module 7 size: 6 bs: 0.00260874
3 6 8 9 10 11 
#module 8 size: 6 bs: 0.571349
27 28 29 30 33 66 
#module 0 size: 5 bs: 0.219053
2 62 64 68 69 
#module 1 size: 8 bs: 0.571349
13 14 15 17 18 19 20 60 
#module 2 size: 8 bs: 0.635366
15 16 45 54 55 56 57 62 
#module 3 size: 8 bs: 0.259299
27 28 29 30 33 48 49 66 
#module 4 size: 7 bs: 0.693716
1 35 36 37 38 39 40 
#module 5 size: 6 bs: 0.0677742
27 31 32 34 58 59 
#module 6 size: 8 bs: 0.574409
4 5 7 8 12 41 53 67 
#module 7 size: 13 bs: 0.441176
6 21 22 23 24 25 26 42 46 47 50 51 52 
#module 8 size: 6 bs: 0.420761
3 6 8 9 10 11 
#module 0 size: 5 bs: 0.219053
2 62 64 68 69 
#module 1 size: 13 bs: 0.441176
6 21 22 23 24 25 26 42 46 47 50 51 52 
#module 2 size: 7 bs: 0.693715
1 35 36 37 38 39 40 
#module 3 size: 6 bs: 0.0677741
27 31 32 34 58 59 
#module 4 size: 8 bs: 0.702466
4 5 7 8 12 41 53 67 
#module 5 size: 6 bs: 0.00052554
3 6 8 9 10 11 
#module 6 size: 6 bs: 0.364141
27 28 29 30 33 66 
#module 7 size: 19 bs: 0.675189
13 14 15 16 17 18 19 20 45 46 49 54 55 56 57 59 60 62 63 
#module 8 size: 3 bs: 0.577013
48 61 65 
#module 0 size: 5 bs: 0.219053
2 62 64 68 69 
#module 1 size: 13 bs: 0.441176
6 21 22 23 24 25 26 42 46 47 50 51 52 
#module 2 size: 21 bs: 0.395936
13 14 15 16 17 18 19 20 22 45 46 49 54 55 56 57 59 60 62 63 65 
#module 3 size: 8 bs: 0.65144
1 31 35 36 37 38 39 40 
#module 4 size: 6 bs: 0.574409
27 31 32 34 58 59 
#module 5 size: 8 bs: 0.000734064
4 5 7 8 12 41 53 67 
#module 6 size: 6 bs: 0.420761
3 6 8 9 10 11 
#module 7 size: 6 bs: 0.0438561
27 28 29 30 33 66 
#module 0 size: 5 bs: 0.219053
2 62 64 68 69 
#module 1 size: 13 bs: 0.441176
6 21 22 23 24 25 26 42 46 47 50 51 52 
#module 2 size: 7 bs: 0.693715
1 35 36 37 38 39 40 
#module 3 size: 6 bs: 0.0677741
27 31 32 34 58 59 
#module 4 size: 10 bs: 0.574408
15 16 45 46 54 55 56 57 62 63 
#module 5 size: 7 bs: 0.758033
16 45 48 49 59 61 65 
#module 6 size: 8 bs: 0.474751
13 14 15 17 18 19 20 60 
#module 7 size: 8 bs: 0.808015
4 5 7 8 12 41 53 67 
#module 8 size: 6 bs: 0.635367
3 6 8 9 10 11 
#module 9 size: 6 bs: 0.000734064
27 28 29 30 33 66 
#module 0 size: 5 bs: 0.219053
2 62 64 68 69 
#module 1 size: 21 bs: 0.511109
13 14 15 16 17 18 19 20 22 45 46 49 54 55 56 57 59 60 62 63 65 
#module 2 size: 7 bs: 0.693716
1 35 36 37 38 39 40 
#module 3 size: 6 bs: 0.0677742
27 31 32 34 58 59 
#module 4 size: 7 bs: 0.702465
6 21 22 23 25 46 47 
#module 5 size: 7 bs: 0.67298
21 24 26 42 50 51 52 
#module 6 size: 8 bs: 0.673268
4 5 7 8 12 41 53 67 
#module 7 size: 6 bs: 0.304141
3 6 8 9 10 11 
#module 8 size: 6 bs: 0.420761
27 28 29 30 33 66 
#module 0 size: 5 bs: 0.219053
2 62 64 68 69 
#module 1 size: 21 bs: 0.584654
13 14 15 16 17 18 19 20 22 45 46 49 54 55 56 57 59 60 62 63 65 
#module 2 size: 7 bs: 0.693715
1 35 36 37 38 39 40 
#module 3 size: 6 bs: 0.0677742
27 31 32 34 58 59 
#module 4 size: 7 bs: 0.574408
6 21 22 23 25 46 47 
#module 5 size: 6 bs: 0.67298
24 26 42 50 51 52 
#module 6 size: 8 bs: 0.669511
4 5 7 8 12 41 53 67 
#module 7 size: 6 bs: 0.00260874
3 6 8 9 10 11 
#module 8 size: 6 bs: 0.286807
27 28 29 30 33 66 
#module 0 size: 5 bs: 0.219053
2 62 64 68 69 
#module 1 size: 8 bs: 0.651441
1 31 35 36 37 38 39 40 
#module 2 size: 6 bs: 0.574409
27 31 32 34 58 59 
#module 3 size: 4 bs: 0.00260874
48 49 61 65 
#module 4 size: 6 bs: 0.192898
27 28 29 30 33 66 
#module 5 size: 9 bs: 0.57135
16 45 46 54 55 56 57 62 63 
#module 6 size: 8 bs: 0.0438561
13 14 15 17 18 19 20 60 
#module 7 size: 26 bs: 0.2683
3 4 5 6 7 8 9 10 11 12 21 22 23 24 25 26 41 42 43 46 47 50 51 52 53 67 
#module 0 size: 5 bs: 0.219053
2 62 64 68 69 
#module 1 size: 6 bs: 0.571349
13 14 17 18 19 20 
#module 2 size: 10 bs: 0.511109
15 16 45 46 54 55 56 57 62 63 
#module 3 size: 8 bs: 0.65144
1 31 35 36 37 38 39 40 
#module 4 size: 6 bs: 0.702466
27 31 32 34 58 59 
#module 5 size: 8 bs: 0.255086
4 5 7 8 12 41 53 67 
#module 6 size: 6 bs: 0.00260874
3 6 8 9 10 11 
#module 7 size: 10 bs: 0.651807
27 28 29 30 33 48 49 61 65 66 
#module 8 size: 13 bs: 0.441176
6 21 22 23 24 25 26 42 46 47 50 51 52 
#module 0 size: 5 bs: 0.0670322
2 62 64 68 69 
#module 1 size: 13 bs: 0.0980567
6 21 22 23 24 25 26 42 46 47 50 51 52 
#module 2 size: 21 bs: 0.571349
13 14 15 16 17 18 19 20 22 45 46 49 54 55 56 57 59 60 62 63 65 
#module 3 size: 8 bs: 0.584654
27 28 29 30 33 48 49 66 
#module 4 size: 7 bs: 0.693716
1 35 36 37 38 39 40 
#module 5 size: 6 bs: 0.0677741
27 31 32 34 58 59 
#module 6 size: 8 bs: 0.574409
4 5 7 8 12 41 53 67 
#module 7 size: 6 bs: 0.758033
3 6 8 9 10 11 
