8	21
11	22
19	23
3	24
2	25
17	26
5	27
16	22
18	25
11	28
22	28
27	29
10	30
18	26
18	31
17	32
27	33
5	29
26	32
11	34
28	35
4	36
28	34
5	33
22	34
7	37
2	38
34	35
12	28
6	39
25	38
32	40
26	40
15	25
11	41
29	33
6	42
1	40
28	41
12	21
2	43
14	24
38	43
31	44
17	40
14	36
25	43
9	44
41	45
18	44
15	29
24	46
11	45
22	45
21	47
8	47
3	46
16	38
16	48
34	41
34	45
39	42
12	49
35	41
2	15
35	45
4	50
36	50
17	51
40	51
26	51
22	41
24	52
11	35
15	50
18	53
32	51
28	45
14	54
20	43
46	52
15	38
31	53
44	55
15	56
9	43
51	57
3	52
38	58
55	59
44	53
28	60
9	48
22	35
14	61
2	58
18	55
26	57
54	61
1	62
53	55
18	59
35	60
8	63
25	58
52	64
43	58
53	59
28	65
45	60
21	63
35	65
34	66
31	59
28	67
45	66
28	66
46	64
44	59
14	68
61	68
32	57
11	60
52	69
65	67
31	55
54	68
41	67
65	70
24	64
66	67
53	71
44	71
34	72
3	64
31	71
2	73
64	69
25	73
59	71
46	69
22	74
47	63
35	72
38	73
65	66
61	75
41	65
65	72
4	76
14	75
24	69
34	77
70	72
22	65
2	9
38	78
3	69
36	76
54	75
22	66
63	79
18	71
53	80
67	70
34	65
60	67
45	67
21	81
2	78
35	66
55	71
62	82
18	80
31	80
1	82
47	83
47	79
40	57
71	80
14	84
21	79
55	80
44	85
11	67
22	77
59	80
73	86
59	85
68	75
58	78
83	87
67	72
43	73
41	60
4	88
8	83
73	89
86	89
9	16
73	78
43	78
54	84
79	90
68	84
62	91
47	90
25	78
21	90
41	92
8	79
11	65
34	67
34	60
33	93
43	89
2	89
63	90
31	94
21	83
11	74
47	87
81	90
18	85
82	95
28	70
22	60
83	96
17	57
25	89
80	85
60	66
18	97
34	70
55	85
45	65
43	86
59	97
5	98
36	88
1	91
76	88
6	99
58	73
58	89
2	86
27	100
47	96
22	70
11	92
38	89
45	70
15	101
22	72
81	83
81	96
69	102
64	102
9	98
74	92
87	96
59	94
45	77
21	103
21	87
35	67
11	66
28	72
55	104
44	80
60	72
31	85
79	105
79	83
41	66
83	103
8	106
25	86
34	74
65	92
44	104
80	94
31	104
24	107
29	93
9	51
38	86
63	81
5	93
74	108
22	67
41	72
79	81
32	109
45	74
42	99
67	74
58	86
9	40
35	110
83	90
63	83
56	101
82	91
20	111
70	74
57	109
71	97
3	102
59	104
58	112
22	92
8	90
25	112
11	72
29	113
71	85
51	109
79	87
66	70
61	84
47	114
93	98
87	103
69	107
33	100
21	96
78	86
18	115
22	110
47	106
50	88
9	20
9	111
21	116
21	105
21	106
73	112
34	110
80	117
39	99
65	74
78	89
3	107
35	92
20	118
75	84
106	116
31	97
77	92
37	119
33	98
5	113
86	120
81	103
62	95
45	92
2	112
86	121
58	120
11	70
98	113
58	122
64	107
111	118
55	97
72	77
88	123
102	107
28	92
5	100
105	106
33	124
9	37
96	114
17	109
98	100
73	121
45	72
123	125
80	97
86	112
81	105
67	92
85	94
104	126
60	77
100	113
36	123
79	96
27	113
120	127
4	123
90	103
93	113
22	128
55	117
80	104
9	54
63	106
41	70
97	104
67	129
83	114
72	74
89	112
59	126
66	110
52	107
52	130
22	108
79	116
5	124
85	131
53	85
87	105
52	102
43	121
1	95
15	132
18	104
86	127
9	32
46	130
31	133
81	87
44	94
53	104
129	134
27	98
29	98
8	96
40	109
87	135
103	116
70	92
53	115
69	130
70	136
67	134
47	105
29	100
7	119
67	128
39	137
21	135
121	127
120	121
44	126
89	121
45	110
28	138
71	133
46	107
71	94
36	125
26	109
105	139
41	77
42	137
80	115
47	116
74	77
59	115
35	140
8	81
71	104
91	95
47	139
59	133
13	141
88	125
112	127
48	142
107	130
85	104
53	97
67	77
45	136
113	143
60	70
16	142
41	74
47	135
41	110
64	144
8	103
43	120
63	96
45	145
24	130
41	108
72	108
38	112
67	110
43	112
31	146
106	114
59	117
11	108
8	87
120	147
45	134
98	143
6	137
34	92
22	134
78	148
65	110
104	117
115	126
93	124
53	94
116	139
2	149
43	127
28	128
63	103
50	123
114	135
140	150
67	145
96	103
69	144
34	108
60	151
78	120
66	92
79	106
121	152
31	115
110	134
117	126
18	94
87	106
44	153
60	136
25	148
100	124
28	145
60	65
5	143
35	154
112	121
65	140
55	115
121	147
35	74
59	155
53	133
128	138
90	106
135	156
11	136
78	149
18	146
27	93
129	145
92	157
28	157
90	96
93	100
96	106
153	158
53	126
99	137
147	152
65	150
23	159
50	76
127	152
46	144
83	160
103	160
89	127
52	144
35	70
13	161
74	150
22	145
25	121
148	149
85	115
110	162
138	157
102	130
21	114
74	163
141	161
63	87
90	105
89	122
107	144
111	164
24	102
73	127
22	136
78	112
70	157
93	165
3	130
136	145
80	133
47	81
100	143
20	164
68	166
87	160
5	165
130	167
77	157
102	144
96	160
45	154
37	168
56	132
79	135
87	156
11	150
75	166
163	169
60	92
93	143
11	145
66	77
25	127
76	170
31	117
36	170
107	167
60	171
4	125
116	135
73	149
118	164
114	160
160	172
4	170
104	153
50	125
58	121
44	97
24	144
101	173
115	117
83	135
58	147
45	108
77	154
86	149
144	174
46	102
18	117
50	170
83	172
114	139
78	127
97	175
128	145
35	157
70	150
70	77
77	145
97	176
72	145
45	157
74	169
35	77
54	166
71	175
64	177
47	160
72	150
8	116
29	165
155	178
45	128
7	168
90	160
64	130
29	179
128	157
74	129
43	147
46	174
9	118
53	176
34	180
64	167
81	160
35	145
69	177
30	181
63	160
112	147
81	156
79	139
90	135
73	120
64	182
93	179
127	148
98	124
103	172
151	183
167	177
59	153
154	184
96	105
129	163
47	172
41	128
27	185
81	116
33	113
83	116
143	165
9	137
32	186
2	127
65	77
121	149
77	184
177	182
59	187
121	122
26	186
94	115
89	120
39	188
2	121
74	145
63	116
83	106
56	173
33	189
103	106
55	146
35	108
25	120
33	143
129	169
12	190
65	145
87	90
11	151
19	159
57	186
8	135
45	191
96	116
51	186
165	179
89	152
184	192
49	190
154	192
94	97
134	136
6	193
94	117
87	116
65	163
84	166
112	120
85	97
193	194
126	133
98	185
126	155
39	193
63	172
159	195
140	145
14	166
40	186
133	155
177	196
97	126
83	105
133	153
147	149
128	140
107	197
150	157
5	179
90	172
41	191
125	170
186	198
15	173
66	134
139	172
126	187
112	148
92	145
183	199
70	191
88	170
94	126
66	154
77	200
85	117
110	128
109	186
83	156
110	145
6	194
18	201
80	131
58	152
53	117
57	198
67	138
61	202
76	123
157	184
19	195
45	138
135	160
83	139
57	203
175	176
108	150
90	139
38	149
113	185
146	204
69	197
74	134
2	120
135	172
55	204
31	205
92	151
60	74
117	133
23	195
146	205
145	206
77	110
44	204
5	189
73	148
167	207
133	178
14	202
101	132
59	176
137	193
38	127
121	208
5	185
38	120
132	173
40	198
80	146
204	205
95	209
1	209
148	152
140	206
73	152
34	162
151	210
17	186
71	126
44	133
54	202
113	179
121	211
31	126
27	143
66	74
137	194
25	149
23	212
70	145
98	165
99	193
41	145
84	202
133	175
194	213
110	184
208	211
87	139
145	191
17	198
159	212
67	214
76	125
10	181
72	151
38	121
131	146
72	92
190	215
97	133
22	162
136	140
47	156
86	148
180	216
46	177
150	151
11	162
6	213
136	154
176	217
147	148
107	177
147	208
151	199
114	172
65	184
91	218
80	126
113	165
97	117
41	157
28	77
176	187
30	219
34	145
67	157
116	156
95	218
99	188
74	157
47	220
113	124
113	189
91	209
134	169
96	221
77	151
105	135
58	127
49	215
11	206
92	222
136	169
106	135
117	204
187	217
149	211
56	223
2	211
90	114
21	160
12	215
53	224
55	126
131	205
60	145
139	156
66	200
117	225
81	135
47	103
173	223
199	210
1	218
17	226
155	175
102	174
103	105
59	158
66	72
86	147
140	227
64	197
68	202
92	150
165	185
163	228
103	135
104	158
204	225
59	178
74	180
104	229
156	172
10	219
90	116
179	185
154	169
123	230
26	198
77	192
24	197
97	217
19	212
26	203
21	231
155	176
130	207
3	144
97	155
137	188
79	114
201	232
128	227
96	135
134	154
119	168
17	203
106	231
222	233
22	157
136	157
138	154
109	198
226	234
165	189
64	196
153	175
82	218
7	235
3	182
105	116
151	222
183	210
52	197
86	208
162	236
102	177
134	200
29	185
32	198
89	149
117	224
91	237
144	182
104	205
137	213
60	214
114	238
11	77
206	227
86	211
3	207
128	191
52	177
51	239
55	229
210	222
101	223
1	9
57	226
55	131
131	240
42	188
50	230
138	227
25	152
36	230
45	192
147	241
130	196
80	205
168	235
93	185
181	219
23	242
169	184
100	165
25	208
32	203
37	243
90	231
28	108
87	114
150	244
70	180
9	97
78	152
150	210
85	205
98	245
130	144
123	170
79	103
61	166
39	194
115	153
43	246
143	185
183	222
95	237
132	223
32	247
31	175
75	202
79	221
9	194
31	217
92	171
185	248
78	147
79	160
57	234
124	179
186	234
53	158
68	249
18	232
124	189
79	172
88	230
94	204
67	169
247	250
66	162
175	205
99	194
163	180
49	251
71	115
14	249
193	213
3	177
244	252
185	189
186	247
152	208
42	193
113	248
34	216
70	253
55	133
168	243
81	106
218	237
172	231
9	49
235	254
106	160
42	194
158	178
62	218
18	229
18	126
16	255
25	246
103	139
35	169
54	249
17	239
60	256
87	172
201	229
112	149
4	230
1	237
61	257
68	257
158	176
46	197
120	149
57	247
180	228
174	258
15	223
64	174
87	231
93	189
11	128
125	259
65	157
209	218
8	160
47	221
216	228
94	260
92	180
142	255
115	133
188	194
52	196
104	261
44	117
79	231
3	174
58	149
77	262
109	247
123	259
42	213
4	259
190	251
135	139
81	263
58	148
25	211
179	189
29	143
24	177
35	128
144	264
115	205
44	115
209	237
99	213
185	245
140	265
115	146
57	250
72	110
46	264
61	249
79	156
139	266
52	207
9	161
148	208
34	206
66	140
63	135
160	267
43	149
94	175
22	150
106	139
198	247
45	180
32	268
85	178
140	157
64	258
109	226
138	184
120	269
112	152
197	258
114	267
89	208
77	210
8	156
107	270
12	251
131	204
182	207
151	244
63	114
8	114
201	271
150	180
235	243
150	163
127	149
29	189
2	147
89	272
28	110
78	121
70	154
89	147
117	155
100	273
143	179
37	235
43	208
2	208
130	177
106	172
130	274
215	251
27	189
197	270
110	136
198	239
21	275
39	213
70	228
5	245
200	210
119	243
28	262
206	276
50	259
33	165
78	211
155	204
109	268
23	277
149	246
92	244
76	259
82	209
136	265
67	278
84	257
82	237
55	225
166	202
184	200
31	260
190	279
73	147
41	129
251	279
175	187
6	188
51	268
161	280
203	268
222	244
2	246
175	204
192	281
113	245
88	259
198	226
128	136
78	208
97	115
13	282
90	238
174	197
69	174
80	158
100	185
62	237
38	283
71	117
97	204
80	176
5	273
184	284
36	259
249	257
70	140
54	257
226	250
257	285
108	154
55	261
113	273
133	260
154	157
47	286
97	153
196	258
138	180
121	241
174	207
18	133
33	287
120	148
242	277
38	147
166	249
163	288
144	274
109	234
153	204
144	177
58	208
29	273
133	289
62	209
63	231
51	203
13	280
116	160
106	156
126	290
73	208
37	254
108	151
146	232
22	140
271	291
79	266
188	213
129	200
264	274
92	228
83	275
286	292
127	147
138	192
168	254
68	285
215	279
134	184
45	293
28	74
90	156
92	216
232	271
149	241
43	148
101	294
134	140
56	294
171	256
99	295
6	295
195	277
66	108
112	208
221	286
114	116
48	296
25	272
44	155
28	169
116	221
137	295
48	255
282	297
153	155
225	261
229	271
110	157
77	284
222	228
209	298
115	187
59	290
51	198
86	122
161	282
65	151
235	299
42	295
29	248
70	138
146	271
191	227
130	300
166	257
65	169
71	205
188	193
122	149
194	301
223	294
231	266
33	185
170	259
7	254
125	230
135	302
107	300
83	220
76	230
121	269
34	303
103	238
19	277
138	278
148	211
254	299
119	235
66	304
115	131
137	301
82	298
18	225
13	297
238	305
58	241
5	248
188	301
114	305
169	180
117	175
37	306
130	182
267	305
63	105
55	205
91	298
173	294
235	307
39	295
245	273
31	187
105	114
40	268
208	246
287	308
34	138
161	297
31	176
218	298
31	261
144	309
92	110
5	287
146	175
31	158
45	150
52	274
117	310
191	228
22	303
120	241
146	153
170	230
106	238
78	311
120	246
121	283
35	150
160	302
96	139
160	305
288	312
220	275
157	265
155	310
89	148
69	207
116	286
188	313
197	264
92	252
61	285
227	276
134	227
154	281
303	314
212	277
85	217
114	231
43	269
39	301
230	315
87	221
53	205
45	228
127	208
187	260
251	316
7	299
241	246
182	274
81	305
193	301
273	317
34	169
189	248
142	296
225	229
57	268
123	315
116	318
97	131
71	187
31	290
108	140
127	241
141	319
197	274
66	236
198	268
125	315
72	244
11	180
121	320
100	245
190	316
153	260
105	286
285	321
38	148
239	268
255	296
54	285
169	200
89	211
134	322
67	210
188	295
49	316
153	289
124	287
303	323
37	299
139	318
141	282
208	241
103	114
90	318
187	324
144	197
221	292
138	293
195	212
215	316
187	290
113	325
21	221
108	134
36	315
18	158
46	309
86	152
296	326
216	303
13	319
145	157
198	234
98	273
248	325
170	327
159	277
99	301
22	200
149	283
58	311
67	216
253	328
236	304
9	22
140	151
60	253
66	281
129	191
278	329
165	325
228	253
35	134
156	160
53	187
270	300
231	330
175	290
170	315
8	139
138	169
94	201
258	274
23	331
134	151
36	327
2	311
145	192
40	226
155	187
98	332
204	240
94	133
100	189
226	239
144	270
102	309
138	333
138	303
257	321
2	148
95	298
276	334
7	306
50	315
40	247
228	328
47	231
41	192
69	335
18	224
127	211
28	333
103	231
150	183
144	336
116	275
67	154
187	204
194	295
26	268
181	337
24	207
202	257
73	241
77	191
141	297
316	338
204	217
53	155
27	124
129	150
25	147
8	238
40	339
19	331
127	246
167	196
132	294
296	340
108	210
45	333
159	331
85	126
297	319
75	341
106	220
10	337
74	322
38	152
151	206
216	253
232	342
67	206
42	301
32	239
98	317
41	138
31	224
102	343
60	134
100	317
47	318
26	247
183	244
63	305
53	344
42	313
122	283
48	326
211	241
83	238
109	203
173	345
84	249
145	151
275	318
70	110
179	245
244	346
24	167
68	341
41	151
251	338
195	331
89	347
94	104
294	345
84	321
72	180
124	248
106	263
311	348
202	341
18	155
143	317
130	264
87	302
16	296
138	349
138	281
154	265
192	293
122	127
175	271
61	341
143	350
203	250
108	206
193	295
196	197
129	192
287	351
123	327
193	313
12	316
255	326
64	274
206	265
46	352
94	205
189	317
309	336
96	286
212	331
179	248
304	353
45	151
72	236
92	253
227	333
169	262
34	136
256	354
52	352
44	260
213	295
158	205
78	241
41	134
46	355
248	317
219	337
76	315
266	330
62	298
2	269
128	356
246	311
280	282
73	246
121	148
30	337
43	211
260	357
108	169
220	238
75	257
249	321
198	203
74	288
99	358
69	182
85	158
237	298
138	206
231	302
247	359
239	250
4	315
223	345
46	336
178	290
115	217
152	360
17	247
140	276
252	346
234	268
205	344
146	229
54	361
53	217
138	329
314	323
112	211
211	272
66	138
66	362
175	291
78	348
6	301
52	336
26	226
191	363
128	134
142	326
182	196
278	281
149	311
212	364
56	345
70	108
41	180
28	253
236	353
309	365
122	272
68	321
189	273
147	283
32	250
54	366
47	302
135	266
295	301
21	156
262	333
21	172
318	367
155	229
109	239
128	276
37	307
143	189
50	368
70	129
193	358
306	307
64	355
172	305
15	294
132	369
222	346
81	139
182	335
277	331
2	152
361	366
9	370
104	133
96	156
134	356
136	206
112	269
177	197
186	371
106	302
230	259
277	364
162	281
221	318
271	372
154	228
227	334
198	339
1	298
75	285
8	302
292	373
36	368
65	278
64	352
167	258
314	374
65	262
264	300
97	289
168	299
262	284
326	375
27	332
296	375
115	155
48	340
100	179
206	278
252	376
63	139
106	305
42	358
329	333
163	183
206	334
303	377
124	273
66	151
248	273
228	346
76	327
293	378
16	326
214	256
323	377
235	306
201	225
222	379
68	366
104	115
105	156
86	360
133	205
336	355
320	380
60	333
162	353
244	379
134	163
24	343
43	347
81	381
14	285
25	360
52	300
299	307
31	204
322	356
76	382
314	377
106	381
211	246
244	376
259	315
54	321
239	383
65	281
94	290
213	358
25	311
17	359
29	124
21	384
309	343
205	217
59	289
44	146
241	283
361	385
52	335
272	360
77	265
195	242
228	244
92	169
381	386
175	310
92	265
25	241
149	152
214	387
135	286
281	353
156	231
127	283
327	368
103	156
193	388
165	332
60	154
291	372
70	151
25	269
11	288
282	389
198	371
70	169
315	382
88	315
159	242
153	187
37	390
203	247
134	145
222	328
326	340
125	382
281	391
143	273
295	313
195	364
107	336
224	310
70	134
12	392
74	192
173	369
138	378
87	238
281	329
168	306
342	393
229	372
52	167
78	360
156	220
185	350
171	244
348	394
225	232
168	307
243	390
12	279
235	390
194	395
16	340
295	358
57	239
323	374
90	302
17	234
142	396
48	375
186	239
106	386
92	108
127	360
78	394
283	397
34	314
294	369
35	322
286	302
85	225
99	395
314	398
192	391
149	347
177	343
224	261
41	150
389	399
26	239
272	347
223	369
119	254
306	390
274	400
279	316
265	278
31	357
33	248
113	332
297	389
270	401
202	249
65	304
243	306
216	328
188	358
42	402
272	283
97	205
42	395
41	227
124	185
346	379
129	403
233	379
144	400
80	155
300	401
122	347
384	404
311	360
22	180
187	205
33	308
381	405
14	321
23	364
171	214
139	160
4	327
151	406
127	311
156	381
96	292
90	305
49	279
215	407
395	402
251	407
6	358
282	399
98	189
123	408
11	244
56	369
333	378
104	175
67	403
141	389
229	409
136	214
159	364
7	307
125	408
13	399
320	410
241	320
251	392
230	327
329	378
35	138
115	411
191	210
68	361
85	133
35	284
89	246
16	412
57	339
124	143
11	154
380	410
15	369
28	413
84	366
242	331
253	303
14	257
49	407
267	302
1	414
73	320
46	207
33	332
119	299
112	246
221	302
144	415
32	339
211	394
325	332
72	129
27	248
202	285
230	416
269	320
108	110
18	205
29	245
234	359
283	320
220	417
51	226
186	339
212	242
2	360
43	360
196	207
355	418
188	402
63	156
213	301
148	394
151	333
259	382
381	419
107	400
215	338
60	128
336	418
47	305
220	305
291	420
102	274
166	285
112	241
66	145
215	392
122	311
411	421
152	211
11	276
220	381
29	317
77	169
178	260
200	422
73	311
96	238
131	289
172	381
233	244
72	406
374	423
311	394
265	284
193	395
174	182
207	274
132	345
184	424
51	234
207	264
210	328
129	363
374	377
107	335
98	425
8	172
41	378
127	269
169	378
299	306
91	426
345	369
254	307
19	364
184	329
33	325
231	427
91	414
58	269
101	369
31	324
243	428
275	384
182	309
98	350
157	293
282	319
72	252
72	429
309	352
374	398
246	347
145	284
73	211
171	252
426	430
93	248
155	290
125	327
80	204
137	358
104	176
384	431
129	180
105	172
124	165
221	367
175	232
232	310
221	432
203	234
75	249
257	366
255	396
151	157
295	395
303	433
88	382
7	243
117	131
301	358
77	328
151	276
227	434
177	258
331	364
233	376
308	351
414	426
74	184
47	435
390	428
366	385
105	275
126	205
73	122
82	414
331	436
19	242
248	308
47	292
182	300
134	150
203	359
141	437
272	320
280	297
147	360
87	305
141	399
67	429
113	438
386	419
95	414
163	200
392	407
51	383
206	439
51	247
19	436
125	368
27	179
93	350
57	371
30	440
201	342
244	406
218	426
6	395
2	347
124	245
197	441
142	340
352	365
74	256
74	206
234	239
308	332
50	442
218	414
15	345
326	412
65	138
404	431
71	155
203	443
258	270
269	311
321	361
217	290
114	156
319	399
238	444
29	325
141	280
249	285
236	362
117	205
217	260
376	445
170	382
376	379
147	246
36	382
7	390
119	307
205	446
295	402
120	360
242	436
243	299
90	263
382	447
130	258
110	154
198	443
163	222
163	227
249	366
402	448
183	376
108	322
242	364
309	418
94	155
127	320
155	449
266	427
178	289
327	382
44	205
158	446
237	426
385	450
174	274
136	228
137	313
70	227
80	175
45	451
160	286
4	368
29	308
7	428
13	389
294	452
278	304
36	416
181	440
76	442
284	329
367	432
106	453
137	395
197	300
119	306
228	333
286	367
101	345
416	454
275	404
138	413
235	428
119	390
201	224
273	287
4	455
68	385
8	105
194	358
109	339
232	290
12	456
97	449
293	329
58	348
203	239
103	220
368	416
284	457
65	134
76	447
27	165
38	211
130	270
124	317
28	458
291	310
131	217
115	175
22	252
326	396
319	459
208	283
55	94
259	327
400	415
199	376
61	321
213	460
39	358
218	430
85	175
65	391
262	457
193	460
172	461
104	187
178	449
147	211
74	312
11	138
372	462
149	208
396	412
190	407
315	327
61	385
210	284
204	463
14	341
167	174
24	300
70	206
46	415
247	464
133	176
146	217
125	416
120	211
27	273
353	391
111	465
293	451
284	424
137	402
177	300
318	435
63	266
98	466
258	264
143	248
77	183
41	252
224	342
220	267
399	467
186	226
236	429
320	397
209	426
258	343
171	222
203	468
280	319
209	414
5	317
200	281
219	440
18	204
328	469
290	449
137	460
182	258
368	382
210	329
166	321
57	470
192	284
79	302
109	464
75	366
179	317
32	471
198	250
95	426
349	413
240	463
254	428
56	452
429	472
144	258
264	270
359	443
221	231
70	473
40	383
38	208
260	289
152	241
248	350
383	474
313	388
73	410
70	312
34	439
140	236
37	428
287	475
127	348
47	386
254	390
227	356
131	153
72	138
221	476
311	347
169	473
8	231
103	417
356	434
399	437
395	477
171	180
97	187
23	436
299	390
216	346
215	456
379	478
299	428
158	217
110	200
113	317
377	479
93	317
216	439
179	325
69	274
149	410
4	382
426	480
308	325
313	460
226	247
230	455
113	287
177	441
227	481
88	327
40	443
165	245
24	335
218	480
81	482
366	450
171	354
303	328
91	480
209	430
330	427
222	483
59	201
44	175
63	263
35	439
318	384
13	437
275	484
154	191
337	440
343	352
185	273
15	452
301	485
189	332
367	476
128	154
203	226
21	302
380	397
345	486
166	385
78	272
169	458
176	271
68	450
110	206
284	487
29	287
363	403
78	122
3	274
110	169
443	488
164	465
237	414
87	275
424	487
323	398
24	441
306	489
320	360
276	356
152	347
143	287
37	489
186	250
106	490
390	489
245	325
340	396
148	311
264	309
196	491
126	204
221	238
350	425
166	341
207	309
377	433
114	492
182	418
302	384
292	476
171	376
88	408
84	285
354	493
100	332
93	287
282	437
319	437
145	391
156	494
10	440
345	452
399	459
74	154
70	216
199	406
25	495
255	340
152	348
63	302
34	134
361	450
229	290
61	496
403	429
398	423
74	138
40	234
358	395
94	229
200	497
34	278
430	480
369	486
149	380
98	179
129	498
335	418
145	150
135	305
114	386
292	318
292	435
473	499
263	482
163	333
237	480
73	380
63	286
17	268
345	500
140	184
213	388
62	414
153	201
355	501
279	392
247	268
40	203
79	286
120	208
157	303
113	502
71	153
105	318
358	388
286	432
134	228
226	383
148	503
128	228
85	187
68	496
123	455
72	314
191	312
440	504
119	428
254	306
180	253
50	382
110	403
177	335
277	505
130	352
388	460
302	305
167	300
163	506
170	455
315	368
112	311
121	360
285	341
22	163
67	507
298	426
212	436
30	504
360	495
320	347
86	503
306	508
106	275
278	403
213	402
282	459
89	311
38	348
504	509
209	480
281	333
279	407
97	146
316	392
30	510
122	320
303	374
186	359
20	465
107	274
381	511
259	368
162	329
294	486
14	366
60	110
225	342
188	512
74	222
26	250
257	361
217	289
402	460
15	513
21	139
203	371
150	376
177	418
233	346
179	438
29	514
177	264
96	367
177	207
197	207
271	342
329	349
32	515
223	452
404	484
301	395
44	261
36	442
210	406
506	516
85	290
102	207
31	131
56	486
167	264
5	308
116	517
123	442
435	476
339	464
8	384
363	498
322	439
274	518
46	441
251	456
331	505
86	320
442	455
22	253
368	519
230	368
228	506
100	248
118	465
171	253
382	416
445	520
346	478
176	204
243	254
122	360
61	366
192	498
119	521
419	511
134	278
297	437
80	240
57	471
90	275
239	522
115	421
206	303
128	244
286	517
199	333
48	523
136	387
106	221
40	239
44	232
378	473
105	160
39	524
39	460
337	510
93	325
372	420
153	421
167	525
13	459
129	151
86	241
159	505
155	158
219	510
147	526
125	454
12	407
154	429
375	412
327	416
279	456
338	527
316	527
120	311
295	460
313	402
158	201
42	460
302	528
237	430
59	204
121	311
285	366
48	396
104	155
215	529
106	528
198	383
188	460
140	180
137	524
405	511
478	530
251	527
125	455
85	155
57	383
353	362
375	523
164	531
94	224
150	169
25	348
236	276
228	312
226	470
116	532
88	368
315	416
283	347
137	448
298	480
145	457
358	533
278	293
96	302
241	394
224	225
147	311
397	410
17	534
379	530
142	375
83	302
293	413
70	334
136	334
454	535
33	179
79	494
195	436
234	247
161	399
71	240
45	536
166	366
87	263
35	473
142	412
53	271
163	322
438	537
279	338
125	442
60	138
65	136
340	412
1	426
214	538
87	330
32	468
392	456
171	493
374	479
302	517
312	539
132	452
226	268
165	248
432	476
116	381
132	500
265	540
15	500
115	204
180	451
437	459
316	407
170	368
243	541
234	339
66	171
225	409
87	292
112	272
120	152
145	542
21	286
112	320
15	486
61	361
254	508
351	475
335	543
373	435
10	504
191	222
71	204
72	134
245	248
412	544
161	389
250	339
321	450
312	473
337	504
304	429
229	545
198	359
261	342
253	493
60	169
127	272
150	288
307	546
100	466
24	258
312	346
134	281
132	513
286	494
490	547
420	462
102	355
25	394
199	378
7	546
339	359
313	548
281	303
207	270
214	354
77	256
369	452
39	395
393	549
246	360
83	381
347	348
31	153
249	341
58	550
27	350
21	263
125	447
173	452
239	474
345	513
323	551
199	252
55	153
428	541
49	392
289	449
165	350
229	552
3	418
61	450
60	150
53	324
170	447
119	489
129	553
416	535
163	191
365	418
405	419
318	484
94	153
217	554
448	460
283	348
155	545
155	205
118	531
71	229
147	555
162	163
41	542
103	453
108	228
268	470
169	322
62	556
131	554
228	516
394	495
257	341
10	510
437	467
347	557
213	524
218	556
256	262
43	380
88	416
128	206
206	558
376	378
146	201
13	467
183	276
116	528
500	513
314	559
30	509
352	355
424	457
22	422
74	140
73	360
434	560
242	505
254	489
166	361
22	138
150	154
139	231
6	561
284	322
268	443
257	385
174	336
191	284
307	428
425	562
337	509
27	317
272	348
326	523
162	216
453	490
249	563
16	396
99	402
248	287
307	508
279	529
471	515
56	564
131	133
156	427
224	232
336	501
151	169
322	565
231	492
138	145
276	429
308	350
12	529
287	317
487	566
316	529
32	359
344	446
36	519
208	526
168	428
14	567
98	308
158	229
58	246
259	454
148	246
223	500
179	568
145	169
80	261
230	454
233	312
246	410
447	454
415	569
121	380
109	522
322	378
277	436
160	231
402	524
143	570
254	521
77	128
163	303
87	381
143	245
263	292
374	571
338	529
226	371
57	468
10	509
224	393
398	559
371	572
234	371
146	289
108	314
134	516
367	384
1	430
519	573
108	128
433	479
87	318
358	460
305	381
129	227
91	574
316	456
186	474
245	317
98	248
76	368
281	293
399	575
72	162
126	146
68	567
63	386
200	363
184	487
54	576
154	180
185	502
451	536
122	348
198	572
494	517
389	577
187	291
85	204
453	547
256	288
334	481
291	462
440	578
281	429
260	291
306	428
111	531
233	473
163	256
494	579
98	287
11	281
509	510
398	479
130	525
129	580
294	500
424	566
39	561
459	467
167	336
44	229
306	581
183	329
292	482
49	338
440	509
188	395
526	555
42	582
79	461
186	203
127	503
241	555
16	375
425	466
453	583
389	459
136	163
45	169
239	247
52	182
210	276
75	584
359	488
59	260
183	356
210	244
449	545
174	264
512	585
167	352
41	334
214	262
403	580
210	288
68	576
60	586
108	162
486	513
79	417
3	525
233	378
25	503
564	587
398	551
139	302
233	252
189	502
186	268
396	588
70	183
364	436
40	515
202	366
107	182
165	317
452	589
260	421
292	384
389	437
158	187
341	584
452	500
576	590
479	559
307	390
260	411
325	438
31	310
207	335
521	591
22	536
409	552
79	384
181	504
31	155
271	420
172	592
269	360
367	517
161	437
64	207
3	258
294	513
5	593
258	441
185	317
527	529
377	398
220	263
53	153
83	594
137	548
448	548
212	505
84	385
239	371
139	484
585	595
140	163
476	517
45	236
269	503
198	488
226	572
150	596
137	561
117	411
254	591
215	527
63	494
356	565
171	597
105	302
49	456
206	481
58	211
5	502
221	435
32	598
178	545
314	322
295	388
8	381
297	399
103	302
80	599
102	300
106	532
24	543
387	538
84	361
20	531
1	600
201	289
143	475
101	513
194	313
291	342
28	150
318	601
36	408
288	333
148	360
427	494
129	276
187	545
67	602
119	541
253	469
284	349
247	572
280	459
75	361
75	603
213	313
46	501
14	450
38	360
208	360
547	583
222	604
106	547
346	530
2	380
141	577
36	573
343	365
518	605
19	505
18	446
479	571
112	348
528	532
120	272
87	606
104	271
124	332
234	534
155	225
262	391
144	207
485	607
45	200
101	452
84	576
258	352
168	390
299	546
300	608
295	524
267	492
182	197
184	191
143	332
181	509
502	609
102	197
171	191
211	311
71	310
226	339
184	363
253	610
114	419
295	582
51	371
285	584
160	592
32	611
178	232
173	500
52	174
35	451
466	562
516	612
407	527
433	571
135	435
408	442
34	356
106	419
438	613
102	182
369	500
280	467
256	387
151	184
224	271
512	614
209	600
32	234
360	410
96	532
71	146
381	482
328	615
255	412
515	611
198	471
274	605
384	476
287	616
452	564
480	556
53	204
208	348
77	542
283	311
551	617
414	430
407	456
447	535
116	384
170	408
214	252
100	618
326	544
252	429
201	409
454	455
350	502
30	619
134	138
152	380
377	571
214	429
66	169
34	128
615	620
122	147
383	522
306	521
252	262
126	153
274	300
222	621
498	580
95	430
131	158
440	510
149	320
188	548
114	622
176	229
94	187
274	441
44	217
82	480
290	623
22	256
117	271
431	484
276	580
141	575
47	432
515	624
102	196
185	287
81	405
62	426
303	558
29	570
30	625
443	572
309	400
32	226
25	122
59	205
97	626
234	471
171	216
484	601
195	505
72	362
340	375
564	627
92	138
234	515
38	246
61	584
49	529
80	260
283	628
220	292
4	442
423	559
77	134
282	575
23	505
439	629
100	287
464	522
256	429
71	225
99	524
349	487
533	630
11	169
147	380
305	606
339	572
104	204
32	488
236	631
180	184
244	478
321	341
87	476
280	437
415	501
40	632
131	310
196	270
130	197
221	444
285	361
332	438
40	633
122	208
43	152
340	588
26	371
324	344
425	634
275	286
481	558
225	463
304	391
383	470
26	635
50	573
320	557
203	474
22	602
139	275
28	200
462	636
289	545
3	270
84	341
166	450
401	608
88	442
522	637
85	229
255	375
115	291
395	548
314	571
506	612
280	638
67	151
252	391
435	484
468	611
81	528
44	178
550	639
198	515
297	577
114	435
108	136
191	333
214	472
621	640
278	540
317	332
39	313
139	405
7	541
59	217
395	641
24	274
339	371
432	517
158	261
326	588
333	586
372	642
469	615
367	494
61	603
291	642
514	570
91	430
144	643
289	290
254	581
228	429
188	524
90	517
367	444
194	644
414	600
382	442
416	455
303	333
268	488
41	169
508	645
165	618
46	274
298	414
225	240
60	157
163	612
279	646
128	281
110	542
227	586
433	559
94	217
527	647
89	241
98	514
15	589
70	210
243	489
303	551
574	648
182	491
139	221
16	544
65	171
268	339
494	649
133	411
632	633
301	313
95	480
91	600
286	528
192	650
379	604
210	349
57	474
142	588
338	407
82	426
152	651
191	379
474	522
1	480
192	200
18	552
534	652
205	626
254	546
97	229
233	530
353	429
314	406
283	653
270	608
192	429
453	532
140	228
318	482
215	647
232	654
8	275
187	229
280	389
42	448
2	503
336	415
95	655
176	290
117	626
86	246
44	271
498	650
275	292
516	656
334	356
332	425
415	643
69	167
22	169
366	496
159	657
121	272
263	476
354	538
86	311
151	356
320	348
352	658
30	578
395	460
83	231
256	276
331	657
408	447
608	659
172	286
87	484
240	409
404	476
49	647
598	611
23	660
392	527
190	392
285	576
210	429
343	355
472	538
428	661
62	430
301	460
239	464
265	334
574	600
257	563
572	662
469	620
97	158
93	425
244	354
103	305
25	347
607	663
600	648
17	652
372	636
107	525
319	389
261	310
192	664
330	606
122	246
456	529
154	516
72	171
133	554
338	665
66	429
178	201
83	484
283	557
257	576
403	540
489	666
407	529
347	651
114	286
443	515
108	157
99	448
263	667
180	536
264	400
100	351
24	525
216	629
94	146
399	668
146	240
116	606
493	538
322	559
323	433
295	485
268	669
254	541
170	442
363	580
127	495
24	182
210	483
615	670
46	182
341	361
314	378
79	453
89	651
402	641
298	671
443	624
263	318
325	570
15	564
270	309
11	210
137	672
128	516
33	568
372	545
335	355
431	601
441	543
454	673
43	410
136	180
219	509
242	657
126	545
280	399
389	674
129	244
96	172
141	459
388	582
375	396
192	227
11	675
43	122
557	651
15	627
230	408
171	429
73	503
243	676
263	484
62	480
358	644
135	220
342	372
244	596
6	677
267	528
107	309
263	417
5	350
226	662
121	246
488	678
22	129
407	665
17	339
200	222
551	558
142	523
657	679
246	555
200	228
452	627
287	570
151	253
264	336
349	680
23	657
343	418
165	287
67	580
251	647
105	231
590	681
399	577
98	438
81	231
137	485
197	605
433	551
127	682
182	355
224	324
177	274
146	187
85	271
350	618
232	683
138	680
269	348
487	680
428	521
253	406
15	587
662	684
476	484
155	372
175	229
224	290
128	210
41	206
92	685
428	489
140	596
355	491
5	332
587	589
351	616
328	686
486	587
254	666
199	445
345	589
517	649
51	339
193	687
38	320
537	613
11	134
74	228
226	635
58	360
280	688
214	493
52	658
101	500
92	333
561	677
372	393
453	689
455	535
115	158
249	361
512	595
112	122
322	612
33	690
335	336
276	631
357	421
491	501
81	302
94	176
199	691
161	319
40	250
386	528
82	671
59	146
268	692
191	481
166	563
591	666
199	356
152	246
325	613
595	693
318	373
175	261
44	357
502	593
285	567
169	171
575	694
55	155
31	552
135	330
28	134
24	264
273	616
591	695
145	376
541	666
408	416
177	309
259	447
314	356
399	696
363	487
243	307
5	438
409	463
27	287
210	262
542	697
354	597
433	558
299	489
521	541
2	272
585	693
106	698
44	310
192	304
461	592
12	527
183	256
112	283
384	699
315	454
109	383
280	575
90	594
384	453
73	272
237	700
311	397
132	564
301	561
201	260
83	492
437	577
414	701
273	350
94	131
275	381
365	400
391	542
509	578
480	702
551	559
471	624
7	489
221	305
485	663
73	397
176	703
180	596
255	588
285	450
211	283
67	629
301	663
493	704
467	575
397	628
267	606
79	622
366	563
246	269
82	705
211	360
565	612
366	576
238	367
457	566
452	486
433	706
72	222
295	687
38	410
183	322
459	668
264	441
154	707
246	526
332	537
364	505
217	271
166	567
512	548
416	708
394	397
385	496
220	492
308	317
171	346
17	692
499	709
125	535
161	459
265	487
412	588
580	650
296	710
512	693
299	541
295	448
57	633
222	685
58	639
60	711
144	196
222	597
532	689
107	264
238	381
256	580
119	712
328	670
92	379
280	577
122	148
199	293
391	697
344	713
382	455
112	628
209	671
254	661
299	661
77	138
440	714
297	459
105	266
668	696
130	174
330	435
24	174
614	715
81	114
611	624
297	696
6	663
123	368
119	676
277	716
441	518
419	528
194	448
568	690
436	716
374	433
653	717
378	379
302	622
257	450
32	443
279	665
523	544
308	718
199	329
55	201
580	629
338	456
2	348
57	488
139	719
207	355
73	526
535	673
48	588
29	616
195	657
690	720
100	308
414	480
250	371
317	425
14	361
68	563
651	721
346	354
208	311
169	191
307	645
65	333
78	347
168	722
262	304
55	240
34	276
299	712
169	228
211	651
18	723
126	421
241	380
533	644
75	321
90	286
509	714
442	724
114	517
401	659
209	702
385	576
598	624
106	286
227	725
419	517
40	470
93	332
188	582
265	707
107	343
315	726
40	371
351	466
233	288
570	613
464	637
390	676
56	727
172	221
254	645
462	642
51	632
490	689
204	229
423	728
585	614
427	649
425	537
57	598
500	627
155	260
224	729
157	244
42	663
167	274
22	542
336	343
471	611
280	730
270	355
10	578
215	665
188	448
168	489
82	430
318	731
593	609
135	592
221	427
83	384
331	660
431	476
143	732
98	502
302	381
65	379
128	333
571	706
12	338
382	733
446	713
3	264
218	600
143	308
40	598
89	628
718	734
249	385
463	552
86	639
334	580
80	187
214	278
204	735
332	562
546	645
68	590
200	253
81	275
361	576
89	736
108	129
155	626
84	450
595	614
34	150
266	622
545	737
130	605
451	596
638	688
381	461
149	557
144	569
711	738
113	350
183	233
35	278
131	175
112	555
437	688
89	739
67	333
14	496
278	322
232	324
523	588
208	320
389	740
237	574
43	311
521	666
1	671
136	244
259	535
245	741
411	554
192	333
198	470
243	581
193	485
619	625
509	742
460	687
193	524
115	176
36	447
103	275
120	122
405	743
53	713
561	663
190	529
432	484
312	334
168	744
279	647
140	429
563	590
230	708
131	735
568	720
634	745
498	629
243	521
186	471
135	517
4	733
66	680
489	746
485	524
342	420
376	596
4	726
206	228
30	742
267	747
129	140
82	600
66	129
188	693
213	395
102	264
585	748
577	638
109	250
393	420
428	666
48	412
559	612
529	749
581	666
399	730
159	436
223	513
589	627
398	558
311	750
133	723
3	300
130	309
65	192
504	510
252	362
106	751
44	187
453	699
263	384
98	634
493	597
214	284
160	752
143	613
50	455
404	435
301	402
51	250
173	486
144	753
488	572
628	736
251	529
101	564
24	270
120	320
148	754
276	303
84	584
135	532
29	350
145	244
238	755
432	494
190	646
278	565
443	474
362	680
80	224
12	756
86	348
300	659
412	523
91	701
436	657
636	642
20	757
83	266
341	567
17	383
148	555
546	661
206	333
199	758
11	711
434	725
79	528
158	290
354	472
77	108
246	759
22	433
112	495
140	631
143	325
224	260
126	201
646	760
79	719
316	646
298	574
643	753
563	681
654	683
78	761
359	464
351	425
250	383
446	626
314	551
199	334
185	762
482	511
126	344
386	490
293	304
150	322
266	435
50	763
541	546
193	677
255	544
440	742
492	747
620	670
447	764
106	367
386	547
48	544
18	545
470	632
29	741
757	765
650	664
262	353
2	122
250	474
171	580
597	604
287	766
207	605
495	682
220	747
595	715
157	439
465	757
293	767
328	558
199	233
230	442
677	687
116	427
26	474
101	768
69	309
235	645
297	575
76	416
411	626
140	169
114	769
27	325
335	658
234	572
190	338
328	542
327	708
686	770
93	351
7	645
651	739
227	560
106	517
591	661
435	771
59	599
90	528
217	229
21	381
72	169
413	458
317	772
35	151
532	547
103	532
291	411
223	589
361	563
492	773
248	766
512	748
54	385
85	146
338	392
133	774
330	771
578	742
78	246
71	271
163	184
208	750
211	775
20	765
486	627
147	272
411	462
209	556
261	291
280	776
518	543
363	424
272	380
258	309
393	636
115	446
177	777
397	750
250	468
410	557
202	450
243	645
303	429
522	778
129	451
321	385
541	581
153	290
123	416
61	576
606	779
110	333
289	623
11	738
308	734
489	541
339	471
184	780
193	607
241	639
572	684
199	520
388	533
182	336
97	781
383	652
337	714
411	636
496	567
273	570
528	547
323	782
21	431
27	616
487	540
437	730
577	668
274	335
729	783
389	575
33	570
461	622
250	522
202	385
288	406
761	784
167	309
297	694
579	649
169	685
184	429
49	646
729	785
134	560
260	271
392	529
224	549
451	767
388	402
295	786
329	520
471	572
67	256
330	494
103	435
278	333
756	787
50	327
152	311
210	353
197	309
33	720
383	572
131	788
488	611
246	761
313	512
252	457
413	680
630	644
51	789
172	275
361	567
292	528
397	653
110	129
341	385
60	790
348	550
198	652
73	347
301	388
386	532
183	328
59	791
540	566
322	551
257	584
146	158
323	479
89	360
200	792
80	344
96	231
331	716
548	561
23	716
726	733
716	793
222	376
128	150
308	475
646	647
296	412
173	513
71	794
396	523
28	151
294	564
290	703
326	710
263	275
625	795
300	336
245	308
108	253
209	705
109	443
635	662
123	796
136	210
448	524
344	421
259	416
267	386
111	757
519	797
252	538
99	388
282	467
39	388
307	489
298	556
18	798
452	513
722	744
562	634
1	574
66	157
475	718
98	799
367	431
152	320
136	439
52	264
54	567
368	573
101	800
318	494
205	794
318	528
202	321
637	778
515	632
633	801
97	178
90	220
135	622
213	485
97	446
331	679
546	802
294	727
110	150
543	658
515	598
317	570
273	308
236	803
235	489
482	667
403	566
600	671
480	600
36	763
88	804
174	196
253	322
479	551
307	541
53	310
321	366
200	805
452	587
459	638
55	158
26	339
6	485
422	792
127	806
129	284
253	276
153	342
5	799
504	578
466	634
494	807
483	621
345	587
175	217
466	502
520	758
567	576
663	808
189	720
629	650
152	759
512	561
28	136
74	151
133	809
514	741
451	498
208	555
205	224
219	504
152	394
168	810
393	729
353	697
485	582
428	744
112	550
74	276
644	811
423	571
403	498
205	549
39	485
41	154
581	591
588	812
395	663
248	475
657	716
505	716
26	234
133	204
221	813
460	663
178	357
433	481
117	187
117	229
183	406
363	814
233	758
319	575
406	571
194	582
295	548
152	283
707	815
179	287
56	627
40	359
298	600
203	339
561	585
610	816
201	205
488	684
282	638
238	435
18	153
16	588
84	817
287	568
448	561
124	466
135	384
5	690
185	325
249	818
341	563
632	801
384	461
181	742
196	336
541	802
389	819
323	559
478	604
562	745
176	261
371	632
11	222
808	820
3	197
469	670
229	462
302	482
165	570
375	588
11	821
369	513
364	716
373	731
341	681
336	491
744	810
36	822
510	619
377	551
116	302
34	140
306	541
27	562
165	823
434	565
118	757
430	600
395	448
527	646
211	410
387	824
205	240
69	336
427	432
698	751
518	658
178	324
192	825
443	471
174	300
129	256
502	618
71	224
313	395
678	826
189	308
110	151
230	733
154	322
48	710
429	457
824	827
341	366
87	528
497	805
449	623
599	791
216	312
389	828
509	619
98	475
238	286
245	475
148	557
549	636
510	829
678	684
283	526
196	300
80	788
137	512
169	276
138	830
290	729
226	522
326	812
40	572
314	423
759	761
283	831
22	333
187	372
509	829
615	686
226	471
418	491
424	832
319	819
126	229
569	753
172	431
178	809
247	684
363	833
325	350
392	646
387	472
266	484
382	764
162	171
358	834
660	716
256	790
426	600
371	684
398	728
361	681
577	835
662	678
552	798
557	739
354	596
146	290
395	687
791	836
362	457
199	278
362	391
408	535
547	689
511	528
41	837
635	678
414	648
93	308
358	630
579	807
239	572
104	838
167	343
125	733
78	283
153	225
216	539
353	542
221	839
252	293
517	532
79	490
386	453
57	359
23	793
720	840
168	541
100	325
41	163
323	617
356	580
85	794
300	841
187	449
129	214
54	341
436	793
490	583
613	732
163	842
514	616
272	311
133	357
65	206
16	523
334	540
513	843
122	211
464	778
60	685
338	756
17	470
212	657
111	844
334	650
220	384
120	283
721	739
338	787
197	608
252	845
563	567
414	671
76	764
12	787
476	649
7	508
761	846
126	158
228	252
814	833
128	629
425	502
256	303
50	847
508	591
404	601
122	410
472	597
258	643
527	787
302	848
250	268
125	673
583	689
263	367
64	309
555	761
646	849
110	553
503	754
45	334
397	503
174	309
352	501
453	850
286	381
66	473
174	177
218	700
173	564
202	818
369	851
153	599
29	720
2	320
487	833
397	717
487	780
819	852
126	175
223	587
416	796
254	802
375	544
242	716
122	853
210	333
445	691
202	361
554	774
335	518
157	349
523	854
399	688
124	799
327	573
411	446
465	531
152	628
364	855
471	598
310	324
293	565
266	405
17	632
32	371
127	856
172	302
558	615
306	676
139	494
530	604
362	566
416	857
332	613
538	597
120	775
6	313
398	612
165	799
481	858
268	662
105	381
340	523
290	552
206	837
415	753
195	859
251	646
693	715
421	554
405	622
322	334
387	827
621	860
708	857
231	286
619	795
340	544
245	350
117	545
558	861
50	416
561	687
272	503
260	545
558	858
546	591
72	862
474	637
574	671
165	273
120	410
255	523
556	705
835	863
481	615
593	618
55	175
519	763
92	506
64	264
10	864
223	627
189	613
47	275
425	438
31	794
72	128
26	865
351	718
47	490
407	647
64	335
128	129
617	782
762	866
506	685
238	384
176	232
389	730
160	461
442	535
714	867
323	571
69	258
62	600
65	334
13	688
165	425
63	868
10	619
378	398
46	270
270	643
369	587
148	283
482	869
250	611
462	545
614	748
630	834
358	402
114	302
264	870
305	747
549	794
315	763
96	275
48	812
660	679
865	871
279	756
257	496
120	526
408	796
474	865
368	442
356	872
82	574
332	772
424	833
159	716
125	519
470	652
475	873
262	487
261	552
131	421
66	128
289	737
200	206
171	874
398	433
402	630
414	705
565	872
102	336
403	650
458	875
307	746
647	787
108	506
90	622
130	418
510	742
743	876
38	311
668	730
530	597
573	797
552	703
110	322
672	877
26	443
256	493
419	490
135	419
316	647
138	334
514	878
51	633
75	385
367	427
208	380
635	865
637	865
124	879
193	644
472	493
25	754
378	571
115	229
50	519
816	880
352	643
479	617
264	841
230	382
37	645
258	518
553	881
288	376
246	272
541	645
87	751
670	686
280	819
585	882
313	358
199	571
74	842
365	643
222	256
485	786
574	883
203	522
538	827
10	625
311	320
360	754
259	764
656	884
72	157
424	540
94	599
231	773
512	715
359	468
497	885
116	839
120	348
256	827
386	432
113	308
495	628
113	886
551	571
342	409
4	416
378	728
182	264
267	453
95	887
200	322
171	276
297	688
524	607
438	475
127	347
555	888
66	506
193	630
529	787
858	861
267	532
21	266
228	889
330	773
191	483
3	309
214	711
121	503
296	588
331	890
251	787
32	383
428	591
108	163
628	651
130	659
101	891
47	427
563	584
622	769
167	270
144	343
298	883
254	892
144	365
467	638
96	318
436	890
674	740
132	486
120	893
358	524
250	684
374	728
427	435
11	707
225	310
718	894
214	227
312	376
382	535
77	253
210	233
205	729
149	895
21	427
193	693
536	767
482	731
345	851
176	723
325	896
102	415
470	515
375	710
56	513
282	694
142	544
819	897
426	574
310	409
351	568
674	730
352	415
345	627
676	898
100	475
477	641
273	475
202	567
481	540
463	798
833	899
277	859
298	705
125	726
269	272
430	700
173	851
866	900
19	716
515	534
233	478
323	558
97	794
38	122
482	901
107	258
540	650
88	573
467	577
388	485
52	258
808	902
472	824
146	324
438	466
112	347
343	658
98	762
479	903
185	866
69	569
338	646
189	772
383	471
236	472
758	904
103	476
511	667
351	570
508	802
218	671
15	851
66	905
630	641
70	429
48	854
623	737
91	671
343	518
447	906
511	743
27	245
605	608
326	854
10	829
22	387
497	907
685	711
792	805
191	200
87	427
71	217
148	272
481	908
529	647
398	615
176	224
96	528
161	577
131	261
240	909
53	146
667	743
246	320
643	658
52	309
540	832
707	910
43	320
443	678
377	617
96	622
211	557
424	481
786	911
104	545
19	793
28	265
109	684
78	320
533	582
143	912
424	580
535	726
88	519
41	265
106	719
362	542
343	913
119	661
544	854
655	887
266	419
747	773
366	603
638	914
388	524
245	351
170	454
469	686
69	196
292	367
490	915
666	695
528	719
607	693
280	835
479	615
351	613
62	916
269	394
663	820
417	494
29	332
55	217
575	835
561	917
185	308
624	678
666	744
405	482
690	840
73	348
469	918
176	683
345	727
148	320
37	666
414	574
203	383
146	919
561	595
83	286
331	793
403	424
783	785
610	880
161	920
127	754
73	269
483	604
438	873
6	641
102	167
125	921
645	661
257	567
249	817
189	475
35	413
214	233
166	922
509	625
212	716
315	408
637	871
554	626
478	596
241	923
41	199
369	627
550	628
61	818
361	496
291	545
768	924
196	264
258	605
35	129
332	351
390	666
133	146
200	925
161	575
190	647
5	466
644	687
514	613
615	858
55	926
431	453
556	600
82	702
734	894
537	873
385	603
780	927
134	391
263	435
216	334
29	840
316	749
11	227
706	928
394	503
563	576
17	468
323	406
599	836
106	384
873	929
369	564
122	152
544	588
158	204
191	244
318	417
37	930
42	808
322	429
238	528
84	681
208	761
694	696
402	931
23	859
62	701
549	642
427	579
227	252
391	680
557	932
89	348
44	344
364	657
140	433
25	639
279	749
336	933
178	729
45	767
388	512
675	711
189	425
113	690
50	934
403	487
131	781
524	561
400	441
445	758
776	835
866	935
815	910
361	603
125	934
124	350
565	767
645	666
862	936
50	454
426	655
374	558
722	810
273	325
595	748
911	937
234	250
388	395
350	351
131	201
158	463
814	938
27	762
673	921
403	833
261	411
202	563
595	882
588	939
385	563
10	714
485	808
192	312
98	568
763	797
571	940
160	492
131	409
806	856
543	643
314	376
928	941
473	709
293	398
82	701
10	867
518	608
578	714
910	942
3	491
363	422
17	801
516	707
309	658
292	547
474	943
555	923
172	752
139	594
921	934
441	643
302	318
92	944
20	844
541	892
385	922
124	325
707	711
237	671
437	945
148	853
212	890
351	502
214	353
46	258
2	639
200	946
538	824
456	665
125	573
649	807
189	732
181	510
296	947
406	551
336	352
323	728
125	708
4	934
241	948
498	833
453	494
103	444
396	544
312	379
417	747
763	949
307	591
393	783
201	599
508	661
35	709
567	590
535	950
74	487
640	860
460	820
102	418
194	834
648	883
565	951
121	348
679	793
296	523
577	945
204	723
324	552
740	952
469	542
81	667
216	376
419	743
150	707
99	460
483	953
279	527
119	898
819	828
480	705
74	580
40	684
280	954
183	323
4	724
253	880
483	860
12	647
880	955
580	872
45	472
42	485
76	535
101	851
253	918
700	956
305	594
146	342
442	934
885	907
124	613
548	672
68	957
266	771
174	933
6	402
82	648
113	609
104	737
833	958
328	551
486	727
515	652
616	762
474	624
42	786
164	959
89	639
632	652
696	730
535	857
226	464
634	799
644	960
410	495
517	579
22	738
485	911
434	767
95	702
254	961
293	323
123	382
442	519
297	668
13	674
601	731
485	962
160	667
520	904
201	393
147	348
165	351
480	574
100	963
495	651
469	697
72	936
79	606
4	454
367	461
58	964
465	765
92	154
332	732
455	921
503	653
476	699
58	965
114	318
514	537
301	808
93	766
83	461
463	966
269	555
271	393
147	750
514	840
97	554
84	603
723	967
771	773
3	196
207	608
685	707
154	256
469	610
399	968
227	244
13	819
37	541
57	669
164	757
757	844
925	969
163	206
10	795
452	800
242	890
11	334
140	685
648	970
96	601
591	645
571	928
53	838
185	514
296	396
258	971
156	484
51	488
190	665
498	540
48	947
324	463
710	972
618	799
274	309
60	880
275	461
233	353
71	463
932	973
575	740
790	880
165	562
288	551
474	572
423	433
11	974
12	749
812	939
99	313
278	580
397	557
597	874
530	975
128	151
537	741
152	557
383	789
328	479
263	305
395	976
132	627
501	569
301	931
168	746
8	305
591	746
166	977
607	911
213	663
217	926
417	667
256	604
254	695
23	978
42	512
620	697
245	963
820	902
335	352
814	958
20	979
111	959
657	660
85	153
146	409
610	697
104	131
237	980
564	589
87	417
66	675
470	684
775	893
227	631
546	981
900	935
852	897
176	178
72	498
69	971
741	840
858	982
523	947
231	848
504	625
206	565
365	753
327	442
533	983
95	600
58	283
648	705
78	639
159	890
738	974
549	984
102	659
244	329
651	775
171	322
38	503
345	891
24	985
359	471
365	658
14	385
344	599
584	681
183	200
308	986
42	548
385	681
184	222
851	891
367	386
136	328
839	987
145	586
357	723
281	805
349	780
467	668
7	591
627	988
26	572
338	647
75	563
144	352
292	689
661	746
579	989
179	273
2	394
564	851
474	871
175	420
160	275
521	990
405	731
688	968
29	690
568	634
17	522
454	764
876	991
296	939
64	336
214	580
267	482
312	487
124	896
94	992
544	710
284	439
43	283
486	500
164	844
650	833
709	993
45	497
641	677
373	404
543	753
222	227
521	744
982	994
337	578
286	453
304	540
199	940
285	817
408	455
552	995
815	942
177	971
90	731
505	793
211	320
267	432
716	996
391	825
99	485
200	969
438	562
257	957
193	402
587	997
221	601
260	549
164	765
278	629
139	381
283	360
464	998
218	705
533	641
301	641
253	378
149	348
813	839
125	999
187	729
167	197
235	591
258	933
342	552
281	284
112	1000
222	860
545	623
518	971
366	567
664	825
230	763
85	372
207	336
342	654
108	244
34	227
504	619
12	665
448	672
41	738
364	793
186	468
147	503
506	711
439	709
660	793
604	860
444	813
92	227
341	590
630	693
347	628
247	339
439	499
269	806
296	544
182	270
506	889
641	834
582	607
858	994
407	787
531	979
171	469
637	998
368	763
362	905
611	684
287	613
62	700
257	818
566	680
797	949
133	229
374	559
285	563
11	157
363	629
249	576
33	593
214	725
235	521
162	334
23	679
621	953
559	571
594	719
353	483
581	744
792	969
150	333
447	921
78	651
339	383
76	950
733	934
29	866
448	877
695	746
252	387
320	856
389	696
274	352
726	950
94	393
262	276
215	646
307	661
307	676
167	415
113	732
31	992
668	835
304	473
517	839
683	703
172	266
269	550
232	545
344	791
154	171
346	538
11	379
489	810
88	999
101	924
87	444
179	308
184	604
582	630
478	483
554	723
582	962
707	942
361	818
90	431
524	641
687	820
680	830
413	875
888	923
422	805
347	932
663	687
158	224
249	957
280	668
591	744
157	276
581	802
409	599