#module 0 size: 21 bs: 0.826498
13 14 15 16 17 18 19 20 22 45 46 49 54 55 56 57 59 60 62 63 65 
#module 1 size: 8 bs: 0.252541
27 28 29 30 33 48 49 66 
#module 2 size: 13 bs: 0.441176
6 21 22 23 24 25 26 42 46 47 50 51 52 
#module 3 size: 7 bs: 0.686007
1 35 36 37 38 39 40 
#module 4 size: 6 bs: 0.560937
3 6 8 9 10 11 
#module 5 size: 8 bs: 0.187234
4 5 7 8 12 41 53 67 
#module 6 size: 5 bs: 0.214883
2 62 64 68 69 
#module 7 size: 6 bs: 0.560937
27 31 32 34 58 59 
#module 0 size: 13 bs: 0.494234
6 21 22 23 24 25 26 42 46 47 50 51 52 
#module 1 size: 21 bs: 0.166574
13 14 15 16 17 18 19 20 22 45 46 49 54 55 56 57 59 60 62 63 65 
#module 2 size: 8 bs: 0.252541
27 28 29 30 33 48 49 66 
#module 3 size: 8 bs: 0.00248831
4 5 7 8 12 41 53 67 
#module 4 size: 6 bs: 0.413853
3 6 8 9 10 11 
#module 5 size: 8 bs: 0.643366
1 31 35 36 37 38 39 40 
#module 6 size: 5 bs: 0.214883
2 62 64 68 69 
#module 7 size: 6 bs: 0.560938
27 31 32 34 58 59 
#module 0 size: 13 bs: 0.288222
6 21 22 23 24 25 26 42 46 47 50 51 52 
#module 1 size: 21 bs: 0.166574
13 14 15 16 17 18 19 20 22 45 46 49 54 55 56 57 59 60 62 63 65 
#module 2 size: 5 bs: 0.214883
2 62 64 68 69 
#module 3 size: 8 bs: 0.503325
27 28 29 30 33 48 49 66 
#module 4 size: 8 bs: 0.252541
4 5 7 8 12 41 53 67 
#module 5 size: 6 bs: 0.751389
3 6 8 9 10 11 
#module 6 size: 8 bs: 0.643365
1 31 35 36 37 38 39 40 
#module 7 size: 6 bs: 0.560937
27 31 32 34 58 59 
#module 0 size: 13 bs: 0.494235
6 21 22 23 24 25 26 42 46 47 50 51 52 
#module 1 size: 8 bs: 0.166573
13 14 15 17 18 19 20 60 
#module 2 size: 3 bs: 0.166574
48 61 65 
#module 3 size: 8 bs: 0.627447
15 16 45 54 55 56 57 62 
#module 4 size: 5 bs: 0.214883
2 62 64 68 69 
#module 5 size: 8 bs: 0.252541
27 28 29 30 33 48 49 66 
#module 6 size: 6 bs: 0.00914555
3 6 8 9 10 11 
#module 7 size: 8 bs: 0.341332
4 5 7 8 12 41 53 67 
#module 8 size: 7 bs: 0.126615
1 35 36 37 38 39 40 
#module 9 size: 6 bs: 0.0656352
27 31 32 34 58 59 
#module 0 size: 13 bs: 0.494235
6 21 22 23 24 25 26 42 46 47 50 51 52 
#module 1 size: 21 bs: 0.166574
13 14 15 16 17 18 19 20 22 45 46 49 54 55 56 57 59 60 62 63 65 
#module 2 size: 5 bs: 0.214883
2 62 64 68 69 
#module 3 size: 8 bs: 0.503325
27 28 29 30 33 48 49 66 
#module 4 size: 8 bs: 0.252542
4 5 7 8 12 41 53 67 
#module 5 size: 6 bs: 0.751389
3 6 8 9 10 11 
#module 6 size: 8 bs: 0.643366
1 31 35 36 37 38 39 40 
#module 7 size: 6 bs: 0.560937
27 31 32 34 58 59 
#module 0 size: 8 bs: 0.843052
27 28 29 30 33 48 49 66 
#module 1 size: 6 bs: 0.252541
3 6 8 9 10 11 
#module 2 size: 8 bs: 0.413853
4 5 7 8 12 41 53 67 
#module 3 size: 9 bs: 0.00914555
21 24 25 26 42 46 47 50 52 
#module 4 size: 18 bs: 0.495096
13 15 16 19 22 44 45 46 49 54 55 56 57 59 60 62 63 65 
#module 5 size: 5 bs: 0.202241
14 17 18 19 20 
#module 6 size: 8 bs: 0.643365
1 31 35 36 37 38 39 40 
#module 7 size: 5 bs: 0.214883
2 62 64 68 69 
#module 8 size: 6 bs: 0.560937
27 31 32 34 58 59 
#module 0 size: 13 bs: 0.494235
6 21 22 23 24 25 26 42 46 47 50 51 52 
#module 1 size: 21 bs: 0.166574
13 14 15 16 17 18 19 20 22 45 46 49 54 55 56 57 59 60 62 63 65 
#module 2 size: 6 bs: 0.372861
2 32 62 64 68 69 
#module 3 size: 8 bs: 0.252541
27 28 29 30 33 48 49 66 
#module 4 size: 8 bs: 0.751389
4 5 7 8 12 41 53 67 
#module 5 size: 6 bs: 0.00248832
3 6 8 9 10 11 
#module 6 size: 5 bs: 0.751389
35 36 38 39 40 
#module 7 size: 6 bs: 0.023177
27 31 32 34 58 59 
#module 0 size: 13 bs: 0.494234
6 21 22 23 24 25 26 42 46 47 50 51 52 
#module 1 size: 5 bs: 0.214883
2 62 64 68 69 
#module 2 size: 8 bs: 0.751389
4 5 7 8 12 41 53 67 
#module 3 size: 6 bs: 0.00248831
3 6 8 9 10 11 
#module 4 size: 6 bs: 0.413853
13 14 17 18 19 20 
#module 5 size: 12 bs: 0.794064
15 16 22 45 46 54 55 56 57 60 62 63 
#module 6 size: 8 bs: 0.643365
1 31 35 36 37 38 39 40 
#module 7 size: 6 bs: 0.560937
27 31 32 34 58 59 
#module 8 size: 10 bs: 0.643546
27 28 29 30 33 48 49 61 65 66 
#module 0 size: 13 bs: 0.494235
6 21 22 23 24 25 26 42 46 47 50 51 52 
#module 1 size: 21 bs: 0.166574
13 14 15 16 17 18 19 20 22 45 46 49 54 55 56 57 59 60 62 63 65 
#module 2 size: 5 bs: 0.214883
2 62 64 68 69 
#module 3 size: 8 bs: 0.252541
27 28 29 30 33 48 49 66 
#module 4 size: 8 bs: 0.00248831
4 5 7 8 12 41 53 67 
#module 5 size: 6 bs: 0.341332
3 6 8 9 10 11 
#module 6 size: 7 bs: 0.686007
1 35 36 37 38 39 40 
#module 7 size: 6 bs: 0.023177
27 31 32 34 58 59 
#module 0 size: 13 bs: 0.288222
6 21 22 23 24 25 26 42 46 47 50 51 52 
#module 1 size: 21 bs: 0.166574
13 14 15 16 17 18 19 20 22 45 46 49 54 55 56 57 59 60 62 63 65 
#module 2 size: 5 bs: 0.214883
2 62 64 68 69 
#module 3 size: 8 bs: 0.252541
27 28 29 30 33 48 49 66 
#module 4 size: 8 bs: 0.00248831
4 5 7 8 12 41 53 67 
#module 5 size: 6 bs: 0.341331
3 6 8 9 10 11 
#module 6 size: 7 bs: 0.686007
1 35 36 37 38 39 40 
#module 7 size: 6 bs: 0.0656351
27 31 32 34 58 59 
