19	21
1	22
5	23
10	21
12	24
17	25
9	26
11	27
15	28
20	29
8	21
6	30
12	31
7	26
24	31
26	32
9	32
14	33
16	28
2	34
32	35
15	36
17	37
9	35
16	33
4	25
12	38
26	35
16	22
8	23
25	37
13	39
7	28
7	40
4	41
8	32
26	42
28	43
24	38
15	43
15	44
28	45
35	42
39	46
31	38
32	42
13	46
7	47
43	45
11	48
40	47
47	49
18	30
16	31
40	49
32	50
28	44
7	49
3	51
42	50
13	33
9	42
36	44
31	52
10	33
8	51
9	50
48	53
15	45
28	54
35	50
16	55
28	36
19	56
12	52
43	44
26	50
21	56
12	57
27	48
8	33
56	58
27	53
36	45
38	57
21	59
36	54
11	53
31	57
19	59
11	60
24	52
3	38
18	29
53	60
20	61
27	60
48	60
31	62
56	59
61	63
15	54
22	64
45	54
18	33
41	65
20	63
24	57
7	66
40	66
44	45
57	67
1	64
38	68
19	58
21	58
29	61
29	63
60	69
10	51
49	66
13	34
3	70
24	68
4	65
51	70
41	71
18	70
52	68
65	72
35	73
12	68
44	54
47	66
4	71
41	72
22	74
65	71
52	57
38	52
15	75
27	69
29	73
32	76
24	67
57	68
28	75
63	77
24	62
20	77
23	33
35	76
10	18
28	78
48	69
6	69
65	79
71	72
31	68
38	62
45	75
14	80
50	76
9	73
73	81
45	78
31	67
73	76
24	82
32	73
26	76
10	13
76	83
33	80
36	78
62	68
28	55
72	84
18	41
43	54
58	59
41	85
11	69
4	79
50	83
1	74
42	76
78	86
9	76
71	84
67	87
45	86
75	88
32	83
9	83
62	67
8	73
41	89
4	85
30	69
62	87
41	79
35	83
85	90
31	82
35	81
15	78
4	84
16	91
24	87
4	90
42	83
25	92
32	81
41	84
17	92
61	77
38	67
29	77
61	93
3	8
12	62
12	87
45	94
38	82
47	95
67	68
76	81
53	69
28	96
18	57
55	91
28	86
78	97
26	73
49	95
65	84
38	87
1	98
4	72
78	94
79	84
75	96
8	29
38	99
85	89
64	74
52	67
67	100
89	90
77	93
68	87
64	98
12	67
45	97
9	101
28	91
30	67
71	79
23	71
4	102
9	81
50	73
24	40
81	103
54	78
65	102
15	96
12	104
41	90
62	100
44	94
72	102
25	105
20	93
26	83
88	96
84	89
57	100
12	100
47	106
73	101
65	89
36	97
44	96
15	107
40	95
44	78
54	97
95	106
78	96
31	108
66	95
44	88
38	104
62	82
58	109
43	75
43	88
95	110
63	93
57	108
86	94
81	101
19	109
29	93
93	111
52	82
36	43
36	94
68	100
10	112
74	98
41	102
52	62
38	108
18	113
35	103
36	75
44	75
36	55
54	75
45	88
5	114
35	101
54	96
17	105
72	115
59	109
23	114
65	85
65	115
72	79
45	116
75	78
81	83
59	117
102	115
49	106
99	108
76	101
114	116
24	108
79	118
36	116
78	107
88	94
75	119
4	89
50	101
84	115
92	105
107	120
50	81
46	85
89	121
79	115
88	119
53	112
82	99
44	119
61	122
50	103
36	96
44	86
43	94
114	123
15	94
97	116
37	92
57	62
77	122
48	124
29	111
25	39
41	115
42	101
78	125
40	106
56	109
43	78
7	95
33	126
100	108
54	94
68	82
65	90
43	72
46	127
37	105
21	109
52	87
61	111
14	126
111	128
67	110
13	127
54	119
39	127
100	129
76	103
73	83
7	106
79	89
82	104
29	128
126	130
77	111
78	88
90	102
78	119
57	82
3	131
93	128
24	100
70	131
61	128
52	100
62	132
66	106
68	104
67	82
100	104
54	88
60	133
87	132
56	117
28	94
20	111
81	134
86	116
39	135
4	121
58	117
115	118
75	94
89	118
106	110
44	136
31	100
35	134
19	117
107	119
119	137
103	134
89	115
8	26
72	118
85	115
21	117
55	138
96	119
53	133
76	134
60	124
124	133
11	139
53	124
29	122
15	116
94	116
53	139
127	135
96	140
43	96
48	139
88	137
54	86
87	104
94	96
97	141
22	98
104	132
119	120
67	104
124	142
65	118
5	123
87	99
103	143
7	110
90	118
36	136
4	118
27	124
27	139
101	144
80	126
90	115
47	110
11	145
54	107
44	137
50	143
20	128
43	119
145	146
139	145
35	143
63	122
98	147
52	104
63	128
12	82
49	110
32	101
63	111
23	148
33	130
52	132
20	122
41	118
79	121
28	116
78	149
43	74
96	107
78	120
66	110
27	142
105	150
74	147
1	147
65	121
36	140
13	151
80	130
83	101
60	139
83	103
36	107
11	152
75	97
42	143
8	16
51	131
11	146
84	118
76	153
27	152
40	110
30	154
28	140
42	81
86	107
84	90
109	117
26	143
20	155
77	128
17	150
50	144
93	122
71	85
116	156
67	108
48	145
52	108
43	107
59	157
124	139
64	147
99	132
13	135
23	123
76	158
122	128
134	143
4	115
29	155
35	144
87	159
109	157
94	140
83	143
91	138
113	160
45	96
9	103
69	139
120	137
139	152
14	130
50	161
87	100
85	118
11	113
114	148
42	144
46	135
4	162
107	137
99	104
26	101
52	129
117	157
139	163
26	81
119	125
81	143
92	150
87	108
136	164
78	137
68	132
107	149
69	124
82	100
108	165
124	145
11	124
45	107
6	154
116	141
56	157
120	166
82	108
88	140
69	142
89	167
67	132
25	150
86	141
21	157
57	165
48	163
130	168
50	158
9	161
73	143
27	145
143	169
18	160
145	163
137	140
97	140
21	170
12	108
104	108
96	97
41	121
62	108
84	162
37	171
105	171
71	115
24	129
19	157
17	171
4	167
145	172
48	133
71	118
78	136
31	104
4	74
67	173
86	119
32	103
78	116
8	77
54	116
79	174
31	132
133	142
111	122
9	143
5	148
117	170
28	175
133	145
84	174
15	86
93	155
150	171
134	176
9	134
80	168
146	172
69	163
40	177
38	173
79	90
25	171
123	148
127	151
40	178
43	140
27	163
94	119
22	147
60	179
95	177
120	125
67	129
4	174
125	180
58	157
137	166
68	108
118	121
43	118
46	181
57	104
47	177
92	171
47	178
35	176
16	138
14	182
69	133
61	155
77	155
26	103
135	183
15	140
134	144
82	87
95	178
52	173
41	162
80	184
44	107
34	130
129	185
78	141
101	153
57	87
78	164
112	186
68	135
110	178
63	155
125	187
37	150
62	104
144	161
100	132
52	185
141	188
106	178
7	178
60	145
24	104
132	189
10	186
126	168
72	85
71	89
83	144
50	190
48	152
84	85
135	151
162	174
81	169
37	191
80	182
125	141
94	107
52	192
26	169
69	146
89	102
142	145
157	170
11	133
112	193
152	163
86	188
75	137
16	132
120	140
181	194
25	191
135	181
84	102
60	142
124	146
108	195
168	184
133	172
36	164
81	176
75	166
79	85
58	196
185	192
79	178
126	184
85	102
43	175
111	197
86	120
151	181
99	173
45	119
14	184
24	132
88	198
25	90
126	182
106	177
17	191
116	199
130	184
133	146
139	172
97	166
126	200
62	129
78	140
118	162
99	189
30	201
122	155
49	178
125	166
49	202
109	196
39	181
21	196
142	163
171	191
130	182
141	203
170	196
31	87
133	163
171	186
28	204
54	141
38	100
12	173
169	176
202	205
49	177
188	203
27	179
7	206
134	153
122	197
121	162
50	173
69	145
26	134
62	207
9	158
142	152
101	134
35	169
102	167
175	208
117	196
96	116
58	170
54	188
82	132
83	209
82	189
40	194
128	155
115	174
11	142
56	210
31	165
53	142
107	116
47	202
127	211
75	86
54	204
28	119
66	177
154	201
98	212
43	86
8	114
118	167
20	197
43	188
162	213
86	88
128	197
168	182
7	177
107	140
150	214
90	162
150	191
171	214
48	142
93	197
53	186
42	215
102	118
15	88
116	120
8	55
40	216
142	179
97	125
130	200
129	207
33	168
59	196
192	217
156	199
12	132
180	187
33	184
157	196
175	218
125	140
14	168
146	163
62	165
19	196
75	219
45	125
31	99
140	166
155	220
42	73
120	188
44	116
29	197
25	214
29	221
208	218
46	151
110	177
7	202
67	185
122	220
30	222
99	195
104	165
147	212
22	212
87	185
15	149
59	223
87	192
151	211
50	209
54	203
59	170
53	179
215	224
73	134
78	166
15	164
82	225
53	145
39	151
67	165
56	170
61	197
141	226
109	170
50	169
85	162
24	207
39	183
12	227
49	206
81	215
17	214
105	191
154	228
74	212
159	185
104	185
155	166
1	212
167	174
75	229
78	229
94	175
63	197
54	199
121	213
122	221
78	230
85	167
37	214
11	163
57	132
38	132
66	231
47	231
201	222
100	185
136	229
66	178
191	214
180	232
6	201
165	195
24	42
212	232
95	231
206	233
27	133
33	182
13	211
108	132
47	205
43	234
139	142
66	205
31	225
207	235
85	174
124	163
68	165
32	134
141	187
72	121
183	236
66	216
100	225
108	227
15	166
219	229
187	226
224	237
75	116
9	215
52	195
65	167
133	139
39	236
135	238
45	120
151	236
199	203
49	231
220	221
75	107
200	239
111	155
124	152
14	200
22	240
97	120
58	210
15	120
229	241
135	236
143	215
136	149
38	189
28	242
71	102
3	66
15	97
125	137
144	153
201	228
55	243
53	172
19	170
151	194
182	184
97	230
242	244
137	219
87	173
77	197
219	241
32	176
11	172
81	245
71	167
48	179
105	214
101	176
78	219
151	246
104	129
41	167
7	175
86	96
56	196
223	247
181	183
15	119
177	178
177	205
196	223
178	202
54	248
197	221
88	120
78	242
36	88
140	175
34	98
58	249
96	120
73	103
75	241
73	209
49	233
73	176
108	250
129	235
145	152
180	226
28	218
107	166
84	251
13	181
108	192
205	216
41	174
79	213
121	167
235	252
95	202
111	220
15	199
95	216
84	121
47	216
111	253
124	179
27	146
84	167
20	253
110	202
137	241
174	254
21	210
63	253
110	233
42	134
26	209
98	240
83	255
84	213
133	152
67	189
212	240
110	205
244	256
67	250
46	194
101	255
99	100
85	121
145	179
202	257
185	225
242	256
174	251
36	120
36	242
200	258
165	207
41	213
218	242
11	179
71	90
82	195
136	259
1	240
93	253
193	240
82	185
78	241
171	260
116	136
87	165
46	238
24	185
68	250
224	261
90	174
53	163
147	240
61	253
35	190
148	262
39	194
60	146
139	146
150	260
177	233
87	250
2	263
185	217
47	206
9	144
189	195
162	251
17	260
102	264
226	232
85	213
74	240
229	230
71	174
217	265
58	223
62	225
208	242
57	189
61	220
101	143
223	266
13	194
170	210
163	172
239	258
224	267
51	186
88	136
69	179
82	129
110	206
171	268
87	129
208	244
41	251
178	216
123	262
59	210
151	269
25	260
196	210
81	224
183	238
62	189
175	204
259	270
124	172
175	244
53	146
156	203
97	137
9	169
21	271
109	210
202	216
167	251
173	189
49	205
52	272
165	189
77	220
28	88
72	167
237	267
73	273
155	197
139	179
21	223
213	251
80	200
88	107
25	274
81	261
119	234
77	253
136	270
57	185
141	156
270	275
6	228
181	236
104	227
93	220
16	243
77	221
240	276
66	206
42	169
155	253
31	227
79	102
32	143
188	277
103	215
79	167
67	192
33	200
104	232
39	278
23	262
20	220
158	161
19	279
42	224
12	99
53	152
246	269
147	276
14	239
30	280
75	198
42	103
73	144
6	280
195	207
196	279
17	281
247	266
75	242
31	173
182	200
74	276
204	282
119	175
80	239
176	209
143	176
141	166
191	268
151	283
168	200
203	277
115	121
7	205
80	258
56	223
170	284
97	226
144	169
154	222
90	167
254	285
156	226
207	252
92	260
114	262
84	264
6	222
5	286
92	214
128	253
64	240
81	267
224	245
2	287
28	107
116	137
35	245
165	173
218	244
19	288
157	271
236	238
127	246
105	268
23	286
94	136
199	289
192	265
263	287
43	116
56	266
120	141
182	239
197	290
133	179
183	278
95	205
118	174
1	291
62	272
210	249
201	280
204	244
105	260
126	292
130	239
87	195
260	268
13	246
260	274
76	143
245	293
184	200
7	231
211	269
91	243
200	292
117	294
64	212
110	231
115	167
174	285
32	161
187	232
152	295
29	253
181	238
199	226
111	161
100	159
206	216
216	296
138	243
214	260
106	206
159	217
222	280
5	297
98	291
119	141
24	195
122	253
111	298
151	183
186	204
149	229
184	292
1	193
36	119
188	299
73	169
77	290
102	121
39	68
224	293
168	258
170	300
197	220
127	181
83	176
212	276
222	228
24	159
278	301
152	179
108	185
277	299
87	207
72	89
183	283
134	302
141	299
80	292
164	241
34	263
31	189
181	278
249	303
45	137
36	86
251	285
50	176
95	233
84	254
34	304
194	236
170	279
212	291
105	281
164	270
269	305
172	245
54	151
204	248
37	260
105	274
277	306
183	301
61	221
90	121
97	299
205	206
168	239
198	307
81	144
157	210
115	213
150	281
109	271
215	308
153	302
237	293
46	246
15	137
13	283
24	309
61	298
207	272
279	284
197	253
125	188
264	310
65	174
110	216
24	173
63	220
119	230
173	311
230	241
46	278
283	301
258	292
156	188
252	272
111	312
71	121
96	229
192	225
198	242
39	283
4	313
21	294
244	282
19	266
51	107
122	298
269	314
39	238
133	295
13	301
44	203
65	251
60	163
3	315
207	225
93	221
171	281
103	144
256	282
69	152
46	316
9	302
99	185
100	173
38	192
126	239
171	274
127	317
50	134
215	302
164	275
169	209
139	295
159	250
1	318
38	185
45	141
263	304
34	287
178	296
89	319
172	179
42	153
111	290
229	270
24	311
76	176
82	320
127	269
196	247
145	295
107	203
9	176
99	129
92	321
241	275
159	225
196	288
162	285
21	249
48	300
278	322
8	131
98	318
28	97
254	264
184	258
248	323
144	245
203	226
109	223
182	258
246	301
184	324
71	319
215	245
198	218
20	298
50	302
41	319
67	325
90	313
102	174
51	315
59	271
60	152
84	319
68	326
212	318
61	290
159	195
221	298
165	252
99	159
244	327
86	125
59	249
41	254
261	293
12	185
210	294
207	328
83	134
242	307
87	227
57	99
52	99
64	276
199	329
148	286
128	220
24	217
161	209
85	254
253	312
249	330
100	235
198	208
279	288
28	141
37	281
163	331
49	216
181	246
89	174
189	325
70	315
38	309
26	332
99	235
137	226
159	265
127	183
94	97
5	262
57	333
268	274
175	327
52	311
264	319
119	229
332	334
37	268
4	213
216	233
223	249
181	316
129	335
67	159
53	295
89	285
149	270
78	234
76	190
99	336
94	156
93	312
74	291
257	315
31	326
268	281
168	337
215	293
287	304
303	330
111	221
82	159
215	338
305	314
71	313
28	186
12	165
114	286
135	301
82	339
60	191
284	288
72	90
15	219
211	246
44	242
231	340
118	254
13	238
204	208
53	331
127	194
269	301
106	341
58	266
50	153
13	278
14	258
213	285
54	342
80	337
90	285
78	307
238	283
45	180
221	290
45	343
211	305
42	158
129	173
137	232
42	176
230	344
66	233
203	299
101	103
65	162
64	291
304	345
165	192
156	175
10	193
187	299
1	80
150	268
54	346
211	236
189	207
45	204
92	191
73	224
306	347
240	291
262	286
102	162
15	218
161	169
23	167
167	348
236	283
149	164
61	312
124	295
66	341
68	189
277	349
72	174
8	10
315	322
216	257
66	202
58	294
31	350
67	252
128	290
165	185
235	328
197	298
166	351
118	213
93	182
262	297
32	144
78	208
153	352
198	241
188	306
156	232
225	272
73	158
82	335
261	353
19	210
125	203
135	269
198	244
211	301
101	209
119	354
83	302
21	199
224	353
200	324
71	348
129	336
171	355
194	301
66	340
195	217
249	294
80	324
140	356
32	158
62	328
159	192
123	286
154	280
78	357
114	297
175	356
124	331
241	344
173	207
49	341
60	358
184	239
68	225
204	327
225	328
29	312
308	338
194	359
302	338
34	151
109	279
162	167
286	297
104	189
203	360
28	256
52	207
287	345
199	360
153	158
337	361
109	249
143	153
121	174
69	172
53	358
40	206
15	362
184	337
12	217
219	362
64	318
78	351
93	363
94	259
245	276
58	330
191	260
46	236
293	353
132	364
126	258
127	301
163	179
128	221
209	273
8	61
77	365
118	348
208	307
106	205
31	217
250	265
83	153
85	366
156	244
45	140
133	358
135	316
194	317
14	367
159	165
298	312
98	276
89	162
247	288
26	153
26	368
37	274
4	251
41	264
198	230
66	296
224	369
21	247
58	300
83	158
151	278
120	354
69	370
306	349
181	301
38	250
4	366
236	278
22	276
294	371
158	209
72	348
244	337
155	221
171	321
23	297
27	372
107	362
221	363
121	251
210	223
95	206
301	314
277	373
119	204
235	272
226	230
20	221
57	225
53	374
39	269
15	125
47	340
139	372
75	120
228	280
268	375
183	194
135	194
130	258
238	316
137	141
50	376
179	297
181	269
44	97
57	250
31	377
90	251
293	338
14	324
254	310
102	213
45	357
308	378
227	250
47	296
97	203
264	285
58	247
204	256
358	379
123	244
168	361
293	302
307	357
187	230
319	348
75	380
73	245
65	313
182	337
72	213
15	180
214	281
48	381
56	247
165	225
96	166
103	176
218	219
260	281
31	382
166	203
168	292
62	195
294	300
131	315
188	383
92	281
31	252
117	223
338	378
156	329
266	288
271	384
9	245
94	356
136	230
31	159
42	302
248	282
161	385
290	312
350	382
78	299
145	372
73	190
73	376
154	386
234	351
135	305
280	386
299	306
147	291
189	217
34	387
39	301
134	352
254	319
2	387
86	166
218	327
126	388
33	239
200	337
54	230
162	366
1	276
26	334
35	389
54	164
46	301
301	322
103	376
130	388
79	251
19	390
215	378
329	360
290	298
230	232
353	369
321	355
262	391
58	288
37	355
142	172
127	278
130	337
40	202
82	392
213	254
342	346
170	262
239	361
339	392
184	388
258	393
109	384
338	353
122	312
27	381
34	345
105	375
377	394
96	241
170	249
214	355
113	297
44	351
151	301
220	395
143	245
219	380
67	195
188	248
235	336
65	264
205	396
17	375
308	353
331	358
151	305
117	284
299	307
208	397
326	382
189	364
296	340
12	129
77	95
249	266
103	398
150	375
103	224
292	388
207	217
72	319
2	304
301	399
104	226
252	336
171	375
77	312
239	292
199	232
290	400
232	289
267	353
24	252
246	283
81	353
298	400
29	401
36	156
107	259
143	338
104	225
168	324
163	402
245	302
140	203
56	271
140	149
28	199
194	322
45	403
195	250
295	358
63	395
187	289
163	295
347	349
142	404
200	361
175	199
245	273
175	188
169	385
194	278
352	405
287	387
166	354
45	149
54	149
143	144
5	406
343	403
306	383
253	298
210	284
61	363
220	253
38	407
87	309
82	309
320	392
272	328
178	233
211	408
334	368
145	358
43	204
151	238
406	409
31	129
157	247
61	401
118	251
78	397
102	319
97	410
149	343
282	323
169	332
363	401
111	363
200	393
233	411
293	378
286	391
292	337
60	172
87	320
229	344
48	412
95	411
206	296
172	358
116	140
283	322
226	413
241	244
257	296
192	195
129	159
158	169
202	340
371	414
56	288
30	386
203	413
177	216
360	413
371	415
11	331
110	411
121	348
111	365
187	277
175	416
36	198
26	261
160	230
223	303
87	336
166	229
275	417
71	285
34	55
9	293
146	152
132	335
63	418
41	285
125	234
99	333
256	323
260	375
175	203
110	419
247	249
46	359
314	322
345	387
43	97
135	283
302	420
349	383
238	301
47	411
149	219
8	199
119	421
31	394
198	229
191	281
110	296
309	320
282	327
179	422
48	146
135	317
140	259
13	314
132	250
148	391
312	423
119	218
272	336
307	397
38	165
130	424
173	192
191	274
28	208
111	423
186	193
161	293
114	425
305	322
132	207
127	322
75	141
114	391
181	399
378	426
117	199
81	352
350	394
263	345
49	419
307	427
180	277
40	233
109	247
65	68
129	192
308	426
385	428
30	228
263	387
202	231
111	401
239	367
24	165
145	429
117	210
217	252
132	195
153	332
201	386
228	386
263	430
256	327
134	420
96	175
100	272
160	169
19	431
108	129
148	406
9	190
185	195
324	361
49	296
248	432
12	250
24	407
116	119
214	268
84	285
271	279
145	433
200	388
43	141
220	290
120	175
295	372
221	253
280	434
102	254
108	333
261	352
260	321
25	281
107	141
109	435
93	298
143	158
48	404
286	425
302	404
66	411
182	436
97	119
186	338
156	187
136	219
94	120
405	437
44	403
77	298
166	299
62	99
142	146
194	246
422	438
34	430
35	158
2	345
382	394
118	313
39	316
306	439
89	213
73	246
429	433
123	297
185	207
108	440
258	361
40	231
188	416
250	336
161	338
200	441
222	386
75	346
355	375
192	227
231	296
68	192
353	442
77	395
177	396
233	296
256	307
82	192
413	443
262	425
179	370
184	424
372	433
130	292
40	296
99	444
222	434
70	347
81	153
329	413
38	335
202	341
326	445
107	354
152	172
119	187
120	346
75	188
326	394
171	446
292	395
277	347
77	401
315	387
2	430
327	356
140	447
157	192
163	429
36	346
313	348
305	408
274	281
20	448
36	180
246	305
202	419
383	416
25	446
57	65
291	449
227	252
103	368
232	344
21	384
209	255
324	450
242	299
249	271
324	388
92	268
5	425
236	246
209	451
65	348
267	442
98	449
54	432
126	361
220	422
68	452
234	357
39	314
140	307
295	379
184	361
174	213
59	453
72	162
322	359
106	231
5	409
11	295
43	203
22	454
86	203
281	375
80	361
122	290
332	385
253	455
109	453
45	199
33	388
113	172
110	396
428	456
76	368
133	370
145	370
148	297
201	434
197	395
37	457
130	304
323	432
261	368
49	411
271	303
80	458
39	305
260	457
158	190
27	172
258	367
117	431
12	459
356	447
80	424
19	294
145	381
38	460
269	278
365	423
386	453
83	190
271	294
159	252
364	461
90	319
52	250
173	235
246	408
78	427
88	259
327	462
104	159
31	195
284	351
279	431
183	269
111	455
288	463
54	306
211	238
324	441
229	427
126	367
132	464
203	447
172	372
149	241
94	137
316	455
132	159
251	465
15	427
153	338
165	460
365	395
333	444
424	466
162	322
177	296
141	175
381	404
102	310
247	271
372	467
281	355
8	402
268	457
309	339
77	363
271	453
370	468
62	185
17	446
189	333
205	231
256	462
226	447
94	469
178	205
1	449
102	285
33	193
155	298
313	366
427	470
311	407
158	224
76	420
244	356
42	246
129	471
12	192
269	408
39	246
377	382
98	454
127	236
79	472
236	314
300	371
246	359
6	386
349	373
174	473
130	466
69	381
334	385
149	230
211	283
173	377
185	474
325	364
261	405
79	162
83	338
147	318
136	475
367	388
13	236
126	466
199	306
393	441
357	476
121	313
146	295
197	363
43	307
69	295
108	207
349	477
292	324
347	477
127	238
19	371
129	132
433	467
201	478
57	129
325	461
103	161
164	248
34	294
88	149
233	479
220	312
381	412
87	272
177	231
29	220
351	480
285	313
239	424
246	278
125	204
368	385
26	224
298	481
117	247
195	328
270	475
227	459
447	482
245	389
64	449
177	202
142	429
306	416
118	465
74	483
102	251
51	219
151	317
1	454
292	361
370	484
449	454
39	317
50	368
159	207
404	412
59	247
263	485
155	448
20	363
238	278
337	424
134	376
36	351
46	486
207	440
134	245
57	394
301	305
153	190
211	322
227	487
219	242
164	198
147	449
217	336
123	391
385	456
199	488
61	400
163	370
102	472
208	256
67	207
33	441
409	489
345	485
182	292
307	476
287	485
85	153
153	405
180	490
15	307
149	306
32	302
262	406
291	483
14	337
295	491
102	473
391	406
247	294
76	144
174	264
217	227
430	492
54	383
293	385
236	316
52	320
87	217
439	493
206	257
163	358
196	431
114	406
12	272
180	230
327	494
155	455
4	472
284	300
163	412
161	456
103	153
489	495
333	440
232	488
128	298
97	427
49	396
346	496
81	405
99	335
73	368
147	483
130	320
276	449
97	497
17	268
108	189
264	313
391	409
170	271
441	498
100	459
289	329
102	313
354	362
85	251
90	264
123	499
129	328
108	336
170	330
229	244
361	450
213	465
172	500
280	478
237	369
136	307
24	192
410	497
218	307
149	501
210	300
170	390
283	359
100	227
182	361
155	423
172	502
167	213
48	429
19	223
5	391
87	339
406	425
298	503
286	406
137	497
206	214
375	396
2	485
367	466
424	504
347	373
150	202
294	330
267	308
114	409
359	408
348	505
281	321
134	190
204	383
152	422
286	409
230	270
74	506
223	453
100	471
136	180
254	465
459	471
149	199
244	507
82	207
35	153
175	447
435	453
8	93
212	506
87	508
136	198
304	387
43	469
93	418
217	225
121	319
463	509
309	335
286	489
59	371
219	475
294	415
64	506
165	510
481	503
8	126
241	356
23	406
290	363
342	432
255	511
194	211
430	485
50	420
28	120
69	404
500	502
474	512
81	332
105	355
125	149
379	504
72	313
101	224
187	513
19	271
108	225
296	396
106	249
220	298
156	218
507	514
310	473
31	207
145	422
115	251
391	425
303	384
9	515
269	283
53	404
36	149
350	377
274	321
37	446
382	516
468	484
401	423
19	262
300	415
294	303
6	478
232	517
185	189
63	448
261	330
100	195
317	359
6	518
393	498
170	247
338	426
211	467
14	466
305	359
283	519
434	478
154	434
179	438
159	309
40	419
72	107
226	520
86	149
373	477
57	207
59	284
69	484
346	351
147	521
175	413
14	292
69	358
68	207
156	360
221	522
79	319
197	312
261	332
196	284
20	290
370	523
204	342
147	506
211	278
355	446
40	396
199	244
110	524
126	337
92	375
297	406
324	367
110	341
166	188
376	525
21	303
35	160
85	313
251	293
258	324
341	419
210	526
387	430
158	456
43	174
284	526
345	430
129	189
516	527
79	254
93	395
220	522
37	321
236	408
79	313
484	528
11	358
234	427
91	246
6	434
83	353
93	529
60	429
429	467
115	348
147	454
57	272
134	161
245	530
90	473
124	433
218	362
132	138
436	531
62	192
146	370
46	408
236	301
40	340
117	303
356	532
98	506
127	283
43	125
321	375
63	221
55	533
243	533
441	450
65	285
388	424
221	503
157	453
369	534
117	435
304	485
138	533
370	381
143	255
94	203
487	535
135	278
205	233
135	427
75	199
181	211
95	419
22	536
140	532
81	158
238	246
316	399
29	290
337	441
258	537
84	131
306	346
310	472
143	161
383	477
15	327
527	538
204	218
99	207
472	473
106	216
176	451
96	539
254	313
12	189
314	316
218	230
262	266
124	438
386	540
68	129
156	469
224	398
117	271
208	327
63	298
163	541
154	478
170	294
208	413
103	302
15	175
345	492
258	542
37	531
158	338
56	431
224	302
47	396
191	543
157	371
270	427
81	368
62	452
196	271
11	370
346	544
370	429
237	353
125	199
76	261
69	500
222	478
452	545
197	401
103	158
360	469
4	319
24	440
493	546
79	473
141	327
123	406
94	497
192	207
225	336
370	547
304	430
293	308
101	267
9	385
94	539
368	376
459	548
29	298
133	381
181	305
222	518
234	346
51	549
223	271
22	506
84	348
364	464
149	166
263	492
483	550
240	318
70	505
182	531
81	209
9	332
314	551
294	414
59	294
35	293
230	242
22	291
10	56
519	552
286	495
245	393
223	284
295	331
393	450
160	176
299	553
194	269
139	381
283	305
36	203
124	402
109	542
60	554
140	208
180	242
103	334
68	159
262	281
537	542
134	555
104	192
105	321
42	185
227	272
297	495
9	153
90	556
103	245
104	320
136	476
189	252
72	251
167	254
506	557
241	475
312	363
450	498
5	499
226	482
137	175
459	558
94	208
44	164
319	556
347	383
168	388
94	198
337	559
278	283
100	335
254	348
95	396
126	559
372	502
253	560
64	536
187	347
235	459
30	434
367	393
5	489
73	561
142	541
211	314
184	441
92	252
331	438
54	175
398	562
358	438
88	141
191	375
275	475
137	357
121	465
123	563
54	140
289	513
39	281
390	431
38	235
241	417
512	564
328	459
30	540
41	348
333	394
166	187
178	206
424	565
68	382
97	482
22	318
239	386
92	543
236	317
501	566
118	505
237	308
287	430
91	533
63	365
171	457
181	567
152	331
152	379
292	537
168	466
228	434
58	271
192	568
339	508
94	416
322	408
114	495
159	272
237	442
36	569
127	316
382	527
475	503
88	226
119	203
561	570
15	462
109	330
200	424
425	495
117	453
377	571
267	405
24	568
87	377
245	435
147	557
80	441
33	572
57	444
9	376
341	396
180	270
299	373
110	479
145	573
13	305
161	215
14	361
12	364
309	508
142	381
355	574
335	339
386	434
227	535
126	424
52	159
361	424
437	575
366	472
280	518
348	465
104	336
23	391
148	409
559	576
331	422
29	363
299	347
45	175
382	452
129	459
302	577
82	165
198	199
188	241
474	564
261	378
355	578
192	460
164	180
119	356
219	270
469	539
116	175
30	579
43	198
154	540
127	486
70	549
14	458
318	449
316	580
281	446
62	545
484	500
405	442
191	355
334	581
237	398
258	458
276	506
24	459
168	458
239	504
434	582
118	472
278	314
118	264
334	376
471	548
153	161
581	583
291	318
44	346
21	390
316	317
98	108
63	312
382	584
458	542
38	394
301	359
27	404
35	376
328	558
363	585
204	306
46	211
101	245
404	429
197	522
250	535
489	586
33	393
328	548
253	522
172	402
98	521
214	274
139	587
327	447
134	456
119	149
31	192
133	374
15	476
101	588
228	540
317	580
351	357
83	420
134	353
133	491
128	589
104	350
103	338
347	416
115	336
29	481
231	233
95	590
62	159
164	232
121	366
103	385
57	192
40	479
470	591
209	385
55	510
183	519
405	575
154	518
210	271
214	592
291	536
45	166
100	207
35	332
184	458
392	508
234	593
44	199
414	415
73	161
179	554
149	347
134	525
343	594
298	522
1	506
504	565
73	515
77	589
133	595
111	448
301	408
232	306
178	231
400	503
21	371
396	596
48	172
462	494
371	551
15	432
439	546
16	533
56	597
416	439
468	528
159	382
20	312
389	530
431	598
406	495
34	318
110	340
95	296
141	244
179	295
245	599
106	296
311	320
32	224
271	371
182	424
47	233
361	600
104	195
135	211
289	360
166	357
139	422
135	567
494	601
83	169
143	293
249	340
402	541
388	441
167	285
330	602
83	245
139	412
266	431
117	279
6	540
240	449
490	603
409	495
220	401
109	266
122	363
16	276
545	604
158	176
180	603
236	519
33	258
250	459
244	605
213	264
284	463
374	491
85	285
416	493
335	444
307	606
424	600
60	214
183	314
201	518
208	230
371	390
75	607
381	422
50	334
460	568
515	561
104	510
383	439
367	608
133	587
460	510
104	339
44	480
76	161
42	577
420	609
274	446
84	590
142	548
491	595
222	540
530	610
371	431
119	501
366	473
232	244
239	337
82	611
173	217
135	408
85	319
298	423
47	479
127	305
593	612
38	452
130	531
106	340
527	613
229	242
23	409
108	159
185	564
467	502
137	155
248	614
135	246
142	554
155	290
26	245
574	578
274	355
133	615
352	420
30	113
389	610
448	455
26	144
338	616
211	433
221	312
246	486
394	516
344	517
208	229
273	617
26	215
214	375
53	402
267	426
92	355
484	618
337	388
154	579
444	562
54	360
220	418
11	404
567	619
95	341
63	423
150	274
45	342
123	409
267	352
41	620
181	283
2	492
204	242
340	479
318	454
466	621
26	302
76	224
216	340
241	383
181	408
11	433
318	622
209	293
266	463
188	208
71	251
125	357
276	536
220	623
458	537
69	429
24	444
1	521
287	492
431	463
374	624
4	285
257	419
291	454
101	511
130	324
212	625
37	375
248	360
521	557
221	560
368	525
40	205
164	626
14	388
265	459
196	597
210	453
309	336
119	532
375	627
61	395
416	546
402	412
312	623
50	515
388	608
320	628
152	404
129	611
115	162
289	413
311	440
182	629
107	175
265	568
100	192
222	582
76	376
359	519
548	630
5	563
270	603
237	562
218	270
230	244
261	437
165	631
372	500
52	217
191	592
148	495
478	518
124	587
184	632
84	473
183	322
501	532
372	422
390	463
381	429
213	633
232	447
311	568
503	522
120	532
252	328
376	398
259	634
168	504
399	567
326	452
412	429
336	471
540	635
234	612
20	395
445	452
256	432
440	459
391	489
602	636
228	518
26	61
399	619
209	215
215	267
177	341
73	637
272	548
184	531
56	371
365	448
157	266
393	458
130	638
152	402
317	322
5	586
288	431
167	465
72	639
281	574
264	505
281	578
151	399
330	636
53	541
88	640
261	267
136	545
378	616
117	426
249	602
39	486
299	641
384	435
419	590
290	365
32	561
40	341
35	215
525	642
38	311
355	457
38	611
21	431
21	266
353	378
42	643
236	305
482	497
499	563
141	383
36	166
14	393
638	644
238	305
452	516
153	588
315	631
352	426
179	484
587	645
64	521
237	378
488	517
107	569
406	499
300	303
250	646
12	159
136	208
42	293
134	428
201	540
379	491
346	647
248	277
381	615
370	615
354	532
544	647
166	226
138	648
11	412
298	589
282	432
190	334
153	353
110	195
246	649
118	620
288	330
507	605
62	252
11	372
58	284
60	650
300	414
176	224
491	615
392	611
114	563
73	486
153	651
59	431
143	224
72	460
68	99
48	415
69	652
164	219
8	38
358	372
223	294
209	302
232	270
182	653
369	442
188	307
259	362
223	431
411	590
115	264
647	654
170	223
156	180
116	203
284	453
228	635
564	655
244	306
328	336
629	653
337	576
80	537
92	592
181	656
353	428
50	353
145	374
402	422
64	622
511	588
495	657
107	346
233	340
15	416
164	346
40	444
257	340
128	658
527	584
243	648
22	625
217	250
141	208
75	640
252	659
112	379
279	384
6	582
127	580
388	565
441	572
22	660
303	390
181	322
358	412
553	641
460	631
640	661
123	425
190	515
397	606
367	504
221	395
423	455
350	662
271	431
362	427
440	548
69	615
200	367
607	663
198	626
478	540
17	355
407	568
380	607
225	252
132	664
110	590
142	379
381	547
132	192
54	356
127	408
331	665
303	602
177	340
163	381
102	366
403	594
215	368
460	666
100	440
74	660
468	618
257	479
248	346
481	589
313	667
386	582
16	648
303	636
95	257
92	574
281	627
62	668
332	378
167	264
208	539
76	389
5	495
277	416
8	669
368	405
413	447
300	330
120	244
159	392
49	340
241	670
109	431
350	510
212	536
354	501
528	618
306	517
150	671
265	548
137	203
115	313
45	469
93	560
625	660
34	672
62	392
285	633
173	185
194	316
152	429
365	401
298	673
127	567
164	351
349	439
29	395
382	445
49	479
330	674
99	192
237	332
153	245
35	610
98	483
12	335
189	675
178	340
66	396
531	653
229	475
264	348
132	185
567	676
155	401
39	211
7	244
321	446
20	673
442	677
137	488
174	319
285	319
439	477
238	399
331	678
285	667
283	408
35	161
665	678
167	667
80	388
649	679
531	632
367	424
427	593
198	232
75	289
191	457
470	680
63	400
43	606
29	218
161	428
40	596
180	327
573	681
280	540
97	387
365	455
22	557
81	389
258	337
132	682
255	267
11	381
206	419
83	405
145	595
232	475
476	683
268	574
353	437
548	627
71	213
266	271
112	479
303	684
97	175
99	272
107	539
187	482
92	446
512	655
592	685
23	489
215	577
263	672
2	672
151	322
311	628
58	686
180	520
150	355
71	162
40	411
230	357
158	515
134	687
455	560
94	199
33	498
362	539
150	627
87	611
375	688
440	628
405	677
144	643
218	306
25	74
25	355
571	689
208	323
400	589
383	546
104	508
456	525
258	600
673	690
251	319
400	418
589	658
254	620
183	552
291	691
284	371
148	586
577	643
68	185
565	608
143	369
645	692
268	355
248	256
173	309
271	330
289	347
182	576
399	693
154	582
43	351
315	549
88	219
358	433
53	381
311	694
278	649
77	503
22	449
42	161
345	672
115	319
407	695
107	351
304	492
174	313
179	381
238	455
102	633
607	696
102	348
157	463
420	525
51	697
165	668
182	466
182	441
118	285
231	419
120	351
20	698
538	613
157	294
190	215
41	465
111	522
645	699
280	582
272	659
292	565
303	414
377	689
217	272
392	700
510	631
277	439
48	357
203	260
283	656
30	518
473	701
222	579
317	567
188	641
9	368
141	346
277	282
579	702
413	513
171	592
97	198
12	311
107	125
25	457
554	703
394	689
535	646
30	582
663	696
52	328
76	245
611	704
291	550
122	395
281	592
467	500
255	442
516	689
253	705
191	321
80	367
220	455
89	251
207	311
568	695
241	706
549	697
93	705
25	375
11	554
142	295
157	300
617	707
218	469
50	224
478	635
305	567
425	489
650	708
367	537
432	476
99	165
342	544
370	433
43	612
131	709
258	388
238	322
287	672
28	351
250	272
79	348
517	710
533	648
276	318
224	534
404	422
380	663
7	711
159	568
319	390
276	291
456	555
73	669
20	400
88	712
201	582
382	689
428	437
428	575
196	686
435	713
140	256
135	314
420	456
150	543
32	153
67	99
354	714
305	316
142	370
145	624
4	264
273	707
130	458
54	715
301	552
44	120
100	189
134	338
352	389
42	368
510	716
90	213
15	136
83	161
292	349
156	603
514	605
497	717
482	717
297	409
21	300
332	426
221	448
222	635
389	718
430	672
141	180
278	316
216	411
458	466
208	248
696	719
154	635
468	547
212	449
496	647
174	348
22	720
365	522
94	232
350	516
130	576
63	290
63	698
571	721
75	661
301	316
72	264
227	440
452	527
222	702
586	722
159	320
61	455
544	654
127	519
316	322
236	486
292	723
17	274
171	578
388	559
246	316
210	597
172	624
628	724
368	420
575	677
279	453
42	245
516	662
239	565
372	725
46	580
212	660
70	709
256	342
21	330
39	408
37	726
320	724
209	332
414	602
66	711
297	391
670	706
364	727
225	339
379	554
19	526
473	633
89	348
434	540
322	728
103	353
139	645
487	646
212	521
276	454
429	500
108	729
80	559
298	363
185	512
287	696
591	680
28	166
172	730
96	136
104	207
132	165
66	524
150	446
59	279
293	731
164	230
295	381
161	687
177	419
462	601
202	206
621	732
25	268
27	370
248	351
350	571
141	149
54	351
475	733
69	372
197	705
692	699
44	166
7	590
251	620
537	734
466	732
13	408
110	257
141	641
45	188
530	599
295	735
83	530
106	602
353	525
167	319
13	322
271	674
670	736
536	622
5	722
706	736
75	175
398	534
232	360
178	737
41	667
334	420
492	672
158	215
264	473
158	368
595	738
518	582
401	522
427	680
137	244
653	739
210	247
344	447
55	631
23	586
372	484
265	460
434	740
139	730
310	505
64	381
164	343
576	629
126	348
15	741
166	607
362	470
141	553
422	554
295	370
456	642
627	742
251	348
314	552
172	650
331	433
101	161
446	578
160	743
119	208
375	742
642	737
272	535
370	528
610	718
98	744
34	485
92	274
51	709
518	540
101	398
436	653
259	745
392	704
86	307
276	483
166	714
132	564
369	562
46	746
209	245
146	645
308	616
57	471
370	422
246	322
325	747
40	69
120	218
85	473
289	482
154	702
145	681
294	748
407	694
144	368
44	539
172	429
80	504
336	749
440	487
37	688
136	634
5	657
460	716
470	593
162	750
160	175
358	429
344	475
208	344
449	691
205	751
304	342
442	562
172	708
13	316
543	627
188	232
714	752
188	282
11	484
41	366
291	625
164	496
60	381
67	753
441	559
58	435
202	296
227	659
324	572
270	488
428	754
155	503
117	636
162	264
7	296
298	448
170	315
473	755
310	755
163	573
53	678
46	399
246	567
378	731
137	756
268	578
666	716
277	383
225	535
129	548
223	684
426	757
504	559
372	381
457	543
178	396
536	625
420	581
19	758
292	734
43	640
306	469
86	219
309	452
126	600
621	759
542	600
443	513
290	455
119	306
276	278
19	303
412	760
428	442
619	693
268	617
211	486
18	743
135	322
169	761
4	556
489	725
186	354
375	457
171	574
118	319
527	762
108	474
62	173
538	762
540	582
235	548
61	589
695	763
450	572
286	657
450	600
64	557
371	526
478	582
459	764
502	624
428	642
181	649
258	436
220	365
327	601
441	765
1	483
221	455
9	224
131	549
133	738
756	766
258	441
253	290
97	327
176	643
37	592
274	375
353	767
466	638
440	724
22	483
38	159
215	261
409	586
617	768
52	165
694	695
92	688
412	645
29	522
267	332
444	769
42	376
24	564
198	517
161	224
86	137
640	712
450	770
126	441
36	141
510	516
432	715
325	333
408	771
207	227
374	738
9	428
543	592
631	666
427	606
514	772
383	493
38	704
54	219
268	446
441	773
220	658
200	565
106	419
90	472
337	436
322	774
401	418
188	342
49	751
64	660
253	400
191	578
75	775
28	344
349	493
71	667
113	743
190	214
182	393
10	776
175	234
167	472
128	312
194	580
56	294
65	213
621	777
322	649
429	554
369	525
465	472
607	640
225	778
54	120
164	569
168	629
242	427
434	579
177	206
81	779
17	688
474	655
214	457
54	354
362	591
463	598
205	780
47	751
166	752
124	735
47	341
519	656
250	333
495	781
293	530
81	376
574	627
265	535
224	511
447	717
660	782
728	774
267	677
129	165
224	588
332	779
456	783
4	473
406	489
432	614
43	166
122	400
190	420
302	784
707	768
541	573
66	419
421	618
57	195
4	348
653	785
146	650
587	615
115	285
331	404
197	589
261	389
702	786
61	658
93	522
255	677
211	551
221	705
217	326
408	787
137	569
436	754
470	606
333	516
93	400
624	738
517	788
328	535
48	370
14	441
456	609
101	215
305	771
344	789
454	744
378	562
64	782
126	608
121	285
233	341
564	790
14	572
488	569
255	332
199	270
156	256
718	791
431	684
1	660
42	555
32	245
559	565
481	658
735	792
89	472
169	368
185	262
334	583
442	456
252	668
37	793
423	672
540	740
42	430
44	175
45	244
296	590
466	794
127	359
74	550
294	390
361	632
384	390
434	518
444	795
274	578
132	535
552	656
76	215
218	356
41	473
3	796
328	778
147	660
130	644
54	403
275	488
281	742
196	797
335	611
32	577
281	457
487	724
238	771
136	232
241	798
447	789
354	427
589	782
368	642
1	557
358	541
301	799
196	371
19	284
202	233
373	439
228	582
771	787
798	800
114	219
487	659
669	787
96	141
3	549
31	459
474	801
30	325
235	309
1	782
486	551
43	480
305	519
783	802
123	495
97	601
593	606
190	376
250	749
769	795
612	803
278	305
638	732
122	658
575	642
49	711
354	680
672	804
573	624
462	476
220	363
499	657
97	805
100	165
384	463
277	520
165	311
53	730
491	806
219	470
187	256
529	560
277	641
515	570
125	299
155	807
82	535
127	746
425	781
476	606
700	704
293	687
249	808
212	557
314	649
166	241
415	602
162	667
213	667
548	809
51	796
153	555
297	722
309	311
40	257
112	776
279	810
579	635
209	276
292	441
395	658
141	397
358	404
257	811
197	623
280	635
621	638
236	359
151	316
228	478
323	812
96	149
362	462
49	590
181	314
159	401
326	689
699	813
105	742
561	577
150	321
464	682
186	776
395	455
604	814
500	650
723	734
404	438
663	719
124	372
143	534
686	815
309	628
124	381
286	499
581	609
466	504
249	743
125	816
358	681
579	582
482	805
270	680
89	639
62	335
436	817
312	365
304	672
118	310
177	411
380	719
624	818
107	634
215	610
452	510
209	428
125	462
279	303
818	819
483	744
143	261
330	390
578	742
285	348
61	448
165	820
537	565
507	772
572	765
422	703
560	705
167	639
46	821
30	702
152	358
39	567
228	740
142	573
164	226
210	822
87	628
173	225
39	322
351	647
440	516
241	800
30	823
484	502
470	612
124	554
424	458
152	438
230	501
300	824
198	788
163	735
191	574
76	353
688	726
28	569
808	825
732	777
220	698
331	379
329	469
245	707
433	665
473	826
225	309
78	634
35	687
655	801
373	546
216	231
527	827
262	288
41	639
312	395
324	537
222	740
240	660
144	828
116	569
59	758
307	532
210	371
300	384
175	476
417	829
38	689
224	637
452	604
262	495
314	774
71	473
113	830
154	786
359	787
320	535
702	823
595	615
369	831
664	682
743	830
108	487
339	778
385	442
171	742
371	832
256	812
223	371
309	611
167	473
45	360
236	322
345	833
142	484
355	671
510	666
301	519
422	665
496	834
227	336
181	771
484	725
118	556
592	688
549	796
675	835
12	207
448	658
373	493
433	615
249	431
399	703
736	836
755	826
587	735
106	233
227	516
459	516
33	466
362	837
300	390
429	826
52	252
216	751
709	796
30	635
208	838
344	360
382	571
7	216
139	404
268	592
540	579
122	839
110	751
73	570
45	634
111	395
344	586
60	433
379	840
362	612
423	448
303	824
377	662
93	290
454	557
529	841
598	685
610	791
106	411
300	602
391	586
453	713
558	842
46	305
232	307
369	385
565	576
203	843
701	755
610	702
333	361
203	232
116	354
238	649
253	844
392	568
430	804
369	378
686	797
2	833
143	561
469	845
454	506
317	519
309	440
12	195
485	492
477	493
474	846
164	199
19	832
338	369
521	536
47	257
253	529
500	847
393	770
600	770
260	355
564	801
184	734
88	248
670	848
82	512
239	498
231	257
456	802
209	353
379	735
66	849
44	532
538	584
191	793
446	574
212	550
169	302
132	850
486	649
500	708
536	557
170	758
361	388
483	557
773	851
584	613
120	661
72	667
194	283
331	402
526	597
676	852
584	762
372	573
99	628
207	516
152	374
341	411
840	853
266	390
438	554
405	428
407	689
19	300
540	786
33	854
488	497
391	495
323	476
207	459
83	215
90	254
423	855
94	351
434	786
73	302
315	709
349	641
101	261
252	856
293	368
235	320
54	496
152	381
579	740
304	833
200	857
665	703
178	419
253	673
79	633
182	498
437	754
120	858
92	578
156	160
73	405
171	531
364	675
111	503
623	859
363	400
336	459
54	125
624	819
181	486
106	849
632	860
162	319
55	648
293	437
645	760
549	709
239	441
188	861
374	381
127	771
199	507
472	556
34	501
621	644
861	862
300	453
240	454
162	443
6	740
160	830
540	702
140	863
422	500
251	254
366	826
50	451
219	469
499	864
234	476
56	330
568	689
518	740
53	372
161	865
352	555
449	622
185	668
535	568
352	378
207	320
862	866
254	473
66	737
550	625
445	545
256	476
241	347
700	867
12	689
27	645
614	715
1	536
312	522
198	356
738	868
215	334
91	169
398	525
609	783
332	515
86	843
694	869
244	270
102	701
797	815
564	682
109	371
80	498
187	870
187	354
193	776
256	683
626	788
464	850
349	871
498	770
726	793
249	825
349	416
84	869
782	872
563	864
393	542
87	659
692	760
316	408
512	801
518	873
144	332
463	735
213	348
287	833
332	511
185	464
598	874
481	712
136	356
650	730
217	646
108	320
502	819
424	875
525	581
328	440
237	687
315	476
60	295
199	482
557	876
68	320
122	522
163	433
579	813
370	372
188	230
447	877
224	687
467	847
259	475
739	785
640	696
118	473
461	878
125	307
357	397
148	657
513	870
675	727
568	669
270	879
153	368
117	713
542	734
151	314
246	317
98	536
229	880
287	804
398	511
408	519
76	209
694	763
13	519
427	881
682	801
99	377
183	399
237	426
326	545
267	811
785	882
423	481
54	416
124	379
291	506
47	780
187	883
97	107
9	437
603	879
491	840
197	844
624	708
709	884
362	881
498	854
484	615
125	553
180	229
188	715
789	885
670	836
328	842
291	521
425	849
591	837
524	751
17	886
327	741
393	466
385	398
512	535
554	840
185	320
419	887
126	458
547	618
149	447
464	675
230	566
607	714
75	888
239	388
220	859
170	266
378	389
338	352
317	656
118	889
484	652
95	524
325	394
429	624
58	303
637	890
478	579
94	501
155	855
534	831
534	687
438	587
40	891
104	459
367	621
410	717
208	232
53	370
66	891
23	892
732	794
505	620
613	827
59	686
347	493
463	874
699	893
137	766
88	232
476	812
363	844
69	379
383	706
770	894
126	621
184	542
219	230
256	413
418	705
190	456
812	895
360	634
496	544
636	713
446	543
333	527
308	530
602	896
157	249
710	788
46	314
312	658
81	293
74	318
378	897
197	448
225	382
739	882
279	435
101	368
165	217
399	898
385	405
102	505
629	785
356	601
482	488
268	777
149	899
325	326
606	683
326	527
220	400
111	418
227	382
54	900
139	615
446	671
212	876
348	667
346	360
203	208
445	901
141	416
607	719
84	633
25	578
471	630
393	572
456	902
643	828
543	574
235	335
461	747
130	367
5	892
753	903
97	136
209	368
85	348
457	578
170	197
109	284
62	904
527	662
263	833
270	306
562	831
435	686
633	905
26	161
416	462
406	781
395	448
30	786
141	490
556	906
501	680
635	740
394	527
307	863
474	487
192	300
719	907
35	224
192	252
578	627
216	590
241	351
870	883
324	908
363	395
561	637
380	696
89	313
13	774
255	385
835	909
554	624
440	809
331	484
765	773
338	757
545	689
51	910
471	749
314	799
88	244
127	399
150	742
239	765
753	911
54	136
47	596
309	568
348	472
275	829
576	653
564	912
28	187
96	219
86	140
644	732
86	229
180	299
595	913
441	466
549	884
582	786
260	543
174	620
374	438
821	914
401	455
269	567
282	439
375	578
54	234
57	795
261	915
736	848
141	277
660	872
481	640
122	401
36	488
419	916
168	441
45	203
56	526
189	225
437	530
475	680
649	917
27	468
531	739
743	829
114	586
237	302
209	420
794	918
408	486
22	691
213	905
96	792
775	888
195	459
42	919
467	819
88	199
174	889
288	758
807	855
325	689
443	920
205	419
903	911
342	462
96	174
711	737
71	472
618	921
11	541
563	657
323	895
366	505
228	645
78	199
603	922
187	752
587	595
236	774
301	728
152	372
289	717
456	923
121	264
198	712
147	550
89	254
145	379
529	705
752	924
69	502
90	348
796	884
412	681
86	244
629	739
373	925
369	428
205	296
42	456
417	706
558	778
543	578
797	926
236	269
475	488
221	481
678	703
425	499
519	567
167	927
222	786
75	140
360	383
335	795
414	526
234	647
312	928
801	912
262	409
714	924
112	257
236	580
572	770
172	929
354	883
182	817
25	793
235	311
583	609
178	780
438	930
15	507
250	558
247	396
12	252
450	908
54	137
480	931
699	760
177	524
259	532
174	667
477	546
266	684
505	932
272	333
511	534
124	370
184	466
731	897
67	903
138	933
279	869
681	760
292	765
390	748
166	175
338	610
471	934
234	543
163	625
74	449
57	159
573	735
461	675
821	935
30	100
506	744
130	361
86	208
107	199
577	610
464	936
365	928
161	308
144	158
474	535
72	285
840	937
214	578
591	612
562	616
902	923
98	622
500	554
387	938
455	705
308	562
31	320
587	930
114	489
135	552
310	939
28	354
176	302
83	442
278	567
426	687
320	440
404	940
789	877
357	756
657	722
315	910
9	575
483	536
583	941
596	891
235	444
327	427
292	455
245	368
468	615
332	942
331	491
277	354
395	401
104	535
23	943
424	632
137	299
375	446
380	469
269	317
512	944
178	279
294	713
404	681
205	520
219	798
226	387
628	945
418	658
599	610
688	886
436	576
675	878
508	778
174	946
83	757
148	489
156	198
178	540
325	350
48	379
221	947
241	880
424	537
463	526
181	519
590	751
697	910
234	948
262	657
162	348
126	450
218	256
122	589
682	912
900	949
34	492
627	671
297	489
375	574
259	416
240	536
520	950
786	823
399	519
417	736
363	365
131	697
359	399
949	951
123	657
227	724
115	633
104	464
164	188
801	846
401	952
33	424
563	892
663	907
245	515
526	874
136	166
511	953
505	667
481	705
44	888
139	370
49	257
43	931
488	954
117	249
347	798
408	777
591	881
308	428
914	935
661	955
299	346
332	456
427	494
185	535
323	327
656	771
289	956
253	698
678	730
463	724
299	360
334	442
623	844
858	957
241	488
182	765
324	337
347	553
381	940
632	739
518	958
320	568
12	452
493	871
349	462
195	225
240	483
332	959
179	331
407	611
559	621
249	371
184	393
247	284
649	960
91	648
641	871
249	463
358	573
528	652
325	727
875	961
462	493
659	668
184	559
214	742
717	789
120	230
103	962
366	639
180	501
357	501
96	208
180	950
204	427
334	963
168	424
130	450
669	743
393	504
50	245
675	909
432	964
712	788
726	886
363	658
369	389
319	366
821	965
105	578
102	905
151	567
314	408
149	680
892	943
47	966
169	610
835	878
697	709
350	460
572	854
56	598
465	967
103	209
760	813
71	556
278	728
115	254
639	927
721	968
318	557
402	665
12	510
477	871
533	760
321	688
399	969
17	457
389	405
324	504
253	503
249	390
93	455
114	970
262	586
706	798
184	860
252	382
476	756
195	512
202	971
251	313
82	471
121	639
653	882
260	742
777	794
40	972
7	596
339	659
94	164
308	687
88	218
174	472
889	973
335	564
134	308
146	484
355	592
43	607
836	848
457	974
399	552
274	457
502	650
531	817
226	360
900	951
499	975
164	475
282	895
612	647
244	514
292	365
513	752
870	976
282	342
36	218
398	687
426	610
515	637
244	360
808	977
649	774
798	827
15	141
287	938
452	814
883	976
964	978
158	428
5	864
85	505
846	912
539	612
187	798
249	979
263	804
99	724
89	264
759	777
303	371
738	913
493	980
426	779
182	773
251	264
87	189
248	329
83	261
369	981
606	612
245	456
630	809
333	724
32	215
239	466
205	982
404	554
384	713
384	686
345	804
49	971
30	478
718	983
256	351
342	964
638	794
685	688
339	700
542	572
763	984
380	661
278	979
647	834
40	524
531	882
143	209
766	985
141	775
763	869
14	537
706	848
627	688
219	899
904	986
586	970
609	642
541	665
540	873
174	310
488	680
787	987
101	405
84	366
492	804
697	796
868	913
208	494
915	988
204	346
326	377
265	474
248	416
747	878
309	795
667	989
20	690
264	932
54	497
19	178
67	225
258	559
719	990
77	673
156	462
157	303
448	522
570	577
97	156
283	991
383	462
226	766
297	586
727	835
296	341
559	653
406	992
445	584
122	623
532	863
267	385
62	604
328	545
363	993
580	656
307	931
430	938
243	933
96	244
192	631
625	994
226	277
144	176
313	989
77	455
339	471
558	995
696	712
424	961
132	225
20	85
7	340
679	917
713	996
229	838
708	819
204	553
244	788
67	217
546	925
467	997
76	293
384	996
199	242
191	627
369	588
752	870
613	998
250	682
225	628
323	614
57	459
493	925
534	588
697	999
484	819
248	900
111	952
394	471
237	897
464	508
606	1000
238	799
198	327
260	578
120	208
382	510
185	936
231	916
450	621
664	850
495	970
302	426
344	680
616	731
432	978
813	893
124	645
357	403
27	295
109	300
14	395
688	742
46	322
655	846
535	850
185	846
5	970
413	494
466	542
3	709
455	812
14	600
50	293
52	842
489	499
374	615
579	823
757	779
13	649
341	479
765	851
219	733
283	958
229	421
765	770
917	960
58	822
425	722
168	739
715	964
770	854
206	751
373	871
429	484
280	579
145	331
365	952
63	455
190	352
144	942
513	920
43	137
397	863
42	534
323	964
709	910
427	612
117	758
517	676
346	349
391	657
511	779
356	494
533	933
661	696
72	927
194	787
558	764
122	418
88	354
194	408
68	850
247	300
578	974
6	635
796	910
544	834
96	203
214	321
97	256
406	586
237	959
117	371
351	476
73	215
85	701
234	803
225	444
288	409
497	517
24	769
67	311
591	647
368	677
120	199
685	886
201	579
67	265
437	442
374	940
263	938
850	936
482	877
400	522
86	351
403	539
395	560
204	416
450	559
376	389
27	358
362	403
19	249
252	459
575	754
310	366