3	6
1	6
2	7
1	8
2	9
1	3
4	7
5	10
7	9
8	9
3	11
1	10
6	11
11	12
3	12
12	13
3	13
3	9
2	4
12	14
13	14
11	13
12	15
3	14
11	16
1	14
16	17
6	12
11	17
4	17
3	16
4	18
11	14
11	15
12	19
3	8
11	20
15	20
6	14
13	21
6	13
15	16
17	22
8	10
1	16
8	23
10	17
16	22
3	19
20	24
14	16
11	22
14	19
23	25
13	20
6	16
5	17
1	26
16	20
14	27
8	25
20	21
6	20
1	19
26	28
12	16
14	15
10	23
8	26
26	29
23	26
14	20
12	20
18	30
25	26
4	30
1	25
30	31
6	21
3	17
13	32
8	28
4	22
4	31
9	17
2	33
18	31
12	17
23	29
13	34
7	33
10	22
1	20
27	35
1	21
4	5
11	19
14	35
13	36
21	24
15	27
3	15
6	17
2	37
33	37
6	36
8	29
11	38
7	37
20	38
32	36
10	39
9	37
10	20
4	26
16	38
20	40
34	37
25	29
13	19
7	18
16	41
28	29
1	29
6	27
1	42
8	42
26	42
12	43
5	39
2	5
6	9
21	36
34	44
1	23
25	42
23	42
3	35
27	45
5	26
10	21
6	34
12	21
12	46
11	32
15	43
35	45
33	47
28	42
24	38
1	36
29	42
6	48
18	26
22	38
39	49
12	32
8	14
10	49
22	41
39	50
9	11
10	36
23	28
25	51
12	22
27	43
17	48
32	46
19	52
11	35
14	45
17	30
9	33
42	53
43	45
26	51
12	54
22	24
28	53
18	55
35	43
13	16
15	32
46	54
52	56
1	24
25	28
19	35
49	50
49	57
12	41
8	51
7	47
53	58
25	53
10	16
13	17
30	55
25	59
24	36
26	53
32	55
31	55
41	60
1	41
35	38
50	57
5	30
31	61
8	53
26	58
5	58
55	62
6	44
39	57
22	54
19	56
28	63
26	59
19	45
5	49
2	64
4	47
38	43
44	48
31	62
31	65
56	57
16	34
62	65
13	41
62	66
25	63
27	48
42	59
40	67
26	63
53	59
21	31
16	48
66	68
19	46
31	66
5	36
43	69
1	28
6	10
55	66
41	43
61	70
28	58
5	57
5	50
22	31
25	71
58	59
42	71
1	71
25	58
23	72
3	20
4	65
42	51
16	44
46	73
6	22
1	58
62	68
31	74
16	36
45	46
17	32
20	32
3	75
15	22
42	58
43	70
37	47
35	76
10	19
32	40
2	47
43	77
18	62
42	72
33	59
13	35
72	78
45	73
1	38
27	34
32	79
31	70
1	46
51	80
10	12
33	74
23	78
20	81
10	62
61	66
27	38
52	82
1	32
14	22
8	58
20	67
13	83
33	64
10	57
63	71
1	4
14	84
62	74
61	65
10	13
29	59
47	85
14	32
4	55
42	78
10	14
75	86
10	84
60	62
15	41
65	74
63	87
68	74
25	87
33	85
69	77
61	88
15	77
51	72
9	20
21	43
49	89
62	70
1	67
9	15
11	41
53	90
26	80
21	81
66	70
59	66
56	91
17	44
6	84
56	82
2	11
18	92
70	74
31	81
32	43
41	44
70	93
20	36
37	85
39	61
42	63
7	94
30	65
57	89
24	54
22	84
76	95
9	16
66	74
64	74
60	68
31	96
16	32
34	48
35	95
10	25
83	97
38	77
2	55
39	89
13	60
19	98
8	63
54	73
43	95
45	84
54	99
9	55
33	58
39	66
7	100
4	62
53	80
9	64
71	72
81	101
5	62
10	89
45	52
98	102
33	100
27	76
64	68
25	33
54	103
6	35
94	100
47	100
23	58
85	104
6	19
16	19
9	75
36	79
58	105
1	63
71	78
49	97
34	76
35	106
4	25
4	66
85	100
2	50
8	107
2	68
40	81
74	78
55	74
83	108
10	34
34	38
20	39
1	30
29	109
5	59
70	88
65	70
28	59
92	110
74	96
65	88
50	77
2	20
74	111
47	50
22	44
47	57
32	73
33	112
19	102
1	79
28	87
18	65
64	113
59	90
9	13
3	24
51	91
42	114
21	41
80	90
62	96
114	115
23	89
2	10
9	42
21	101
17	116
99	103
51	56
1	107
10	52
5	117
30	96
39	47
38	67
10	47
103	118
34	35
59	105
97	108
63	72
61	119
68	104
4	61
10	50
37	100
116	120
55	68
50	89
9	85
18	110
25	121
43	73
15	64
15	68
71	114
91	122
13	24
1	114
3	52
30	74
11	123
24	35
68	109
57	117
38	69
3	124
88	119
52	98
74	93
65	68
90	125
51	78
22	48
7	64
20	35
100	126
33	82
71	115
6	46
8	124
18	127
1	62
69	95
90	105
11	21
66	128
11	102
41	69
17	34
18	53
98	129
107	114
48	84
30	71
7	85
8	130
4	70
19	32
24	76
16	21
129	131
36	67
59	71
47	91
103	111
47	132
30	62
28	78
3	102
8	71
104	133
46	99
18	70
22	35
91	100
61	134
89	117
17	123
73	99
77	95
65	135
10	117
58	66
92	127
26	90
1	136
61	93
107	136
59	74
89	111
29	137
64	100
58	90
29	87
37	64
23	138
27	90
65	96
40	101
12	35
88	139
121	129
10	43
26	109
32	81
131	140
19	20
51	63
94	126
52	124
57	141
64	112
9	113
30	117
17	89
92	142
6	25
23	90
21	42
29	63
28	143
38	76
22	32
64	104
87	103
69	144
34	43
29	114
75	102
62	127
128	145
23	111
51	87
2	39
47	64
22	146
11	75
65	83
12	44
88	96
39	147
33	126
126	139
5	89
87	142
85	148
89	116
59	68
4	121
2	85
56	149
21	35
57	144
82	98
44	69
82	150
82	91
78	138
54	84
51	59
140	151
89	138
25	109
86	102
27	59
39	152
14	48
66	145
100	139
10	101
29	153
17	25
147	152
10	24
65	110
50	154
119	134
12	116
16	75
20	152
101	155
13	97
18	66
124	130
63	156
96	135
34	69
45	90
26	31
16	157
129	140
55	157
64	133
37	69
128	158
102	129
44	75
84	146
131	151
102	159
109	114
98	124
9	26
74	140
116	160
74	82
60	83
18	96
19	55
58	161
76	90
28	138
93	144
98	131
11	162
32	101
13	85
21	155
61	144
12	163
52	131
17	21
40	79
62	128
38	164
129	151
9	100
30	88
70	128
137	165
2	81
110	127
8	114
96	127
17	166
43	44
112	126
114	137
23	41
44	167
114	154
59	78
29	58
65	66
152	168
28	161
72	138
18	21
5	8
4	169
50	129
65	92
24	95
87	143
87	170
120	160
68	100
9	47
82	149
98	171
103	112
48	116
20	44
7	82
160	172
35	90
80	109
94	139
44	86
3	173
6	54
88	135
34	41
124	173
50	174
100	148
67	77
87	161
36	44
14	175
66	127
77	144
21	46
112	160
138	176
107	137
53	70
48	89
28	71
132	177
89	154
55	70
62	164
51	170
111	178
116	154
71	87
82	122
89	142
137	179
63	78
55	102
46	52
29	51
146	180
24	41
45	95
2	100
143	170
40	181
88	128
35	46
67	76
26	125
23	182
4	53
43	64
113	133
46	163
171	183
21	32
42	134
58	71
9	124
101	184
43	144
34	45
91	98
45	99
81	185
67	95
53	63
25	136
47	177
7	186
49	154
7	148
23	51
53	105
60	187
17	73
7	113
38	45
93	119
26	188
68	96
80	105
1	137
15	100
78	189
34	60
145	158
70	145
55	65
181	190
15	70
13	124
17	124
92	96
144	191
49	152
86	130
94	186
17	20
78	192
38	46
111	138
35	69
84	95
36	193
72	111
87	156
70	111
115	132
143	194
63	161
69	191
54	95
39	154
31	195
26	78
82	129
13	43
13	117
57	196
78	161
120	172
59	63
15	39
35	197
12	24
60	108
127	145
36	41
138	198
24	173
78	90
121	136
79	193
95	199
14	197
40	190
9	32
95	144
160	200
122	149
15	21
125	188
1	115
7	39
105	161
26	192
16	197
33	131
30	127
25	90
16	86
10	193
28	114
138	143
123	162
57	174
22	57
53	78
76	77
71	79
22	103
2	132
