10	21
17	22
14	23
9	24
1	25
21	26
10	26
10	27
26	27
21	27
5	28
12	29
26	30
11	28
6	29
8	31
11	32
21	30
26	33
24	25
7	34
13	33
22	35
17	36
34	36
17	35
27	33
10	33
20	37
18	38
26	36
21	33
27	30
25	39
24	36
15	40
13	39
21	41
26	41
27	41
33	41
14	42
13	25
29	43
24	26
4	29
23	42
19	42
17	44
10	30
35	44
30	33
28	45
30	41
12	43
35	36
27	46
21	46
26	46
2	45
15	47
5	45
1	39
6	39
32	48
33	46
36	44
40	47
41	46
2	49
42	50
30	46
22	36
10	41
13	51
3	48
36	52
3	31
17	53
23	50
35	49
18	54
10	46
36	53
25	55
32	56
37	56
30	31
14	57
32	37
48	56
7	58
14	50
3	34
22	44
53	59
13	26
36	59
26	60
17	52
42	57
28	56
34	58
37	61
45	55
33	60
20	61
55	62
39	55
24	56
6	13
38	54
24	63
30	60
11	56
25	64
1	55
38	56
11	48
41	60
44	65
23	57
53	66
59	66
39	64
21	60
42	67
36	66
31	62
18	68
14	67
27	60
46	60
55	64
38	68
16	69
10	60
24	39
18	70
22	65
19	47
10	71
17	65
1	45
26	71
68	70
36	72
59	72
50	69
26	28
62	73
28	52
52	53
39	62
36	39
52	74
7	39
33	71
17	59
46	71
57	67
31	75
34	44
24	31
3	30
50	57
22	76
14	32
25	77
25	62
37	75
55	73
52	72
74	78
1	73
4	43
45	79
3	7
35	59
64	77
27	71
35	53
44	53
47	80
38	70
44	66
35	65
2	81
9	63
52	78
65	76
44	52
43	66
36	82
3	38
5	79
21	71
27	36
44	76
7	83
30	71
7	31
48	82
21	84
54	70
27	84
39	77
17	76
20	75
60	85
35	52
44	59
55	77
44	74
23	67
31	51
9	86
4	12
22	52
36	65
8	28
3	58
83	87
1	77
15	80
25	73
17	66
8	75
77	88
52	65
62	77
41	71
1	64
20	89
25	88
52	66
58	84
73	77
27	85
59	65
15	90
61	89
33	85
19	75
36	76
1	88
89	91
60	71
54	68
49	81
74	92
72	82
35	66
58	83
76	82
7	87
50	93
64	73
62	71
33	84
18	94
24	52
53	65
61	91
66	95
19	28
24	86
72	76
14	93
41	85
72	78
4	96
46	85
70	94
22	59
1	62
50	97
63	86
40	90
10	83
5	8
34	83
30	98
40	80
42	75
26	85
54	94
59	76
91	99
42	97
23	93
46	84
95	100
20	91
60	84
22	39
33	101
67	93
39	73
71	85
66	102
37	91
78	92
41	84
24	103
5	56
17	54
89	99
93	104
51	91
39	105
57	93
26	84
36	78
95	102
65	66
47	51
26	106
23	104
19	86
21	36
80	107
7	25
61	99
72	92
42	93
56	108
15	107
85	106
20	99
33	106
63	109
39	76
1	105
60	106
9	103
34	87
84	110
40	107
84	106
66	100
27	98
63	111
47	107
96	104
71	106
25	105
84	98
34	112
12	75
46	98
21	85
62	105
63	103
62	64
77	113
57	97
17	72
60	110
109	111
49	114
103	109
7	112
58	110
63	112
27	106
88	115
93	97
28	72
78	82
46	116
53	95
86	103
20	32
70	117
37	99
1	115
31	70
27	118
27	101
32	108
52	103
2	114
35	82
20	119
22	53
97	100
106	120
47	102
11	108
22	66
30	106
22	121
67	113
10	84
65	72
28	122
66	74
21	106
98	110
45	122
30	84
99	123
100	102
99	119
79	122
10	13
64	124
85	120
87	112
21	98
65	125
91	119
67	104
27	110
39	124
103	126
53	76
35	72
57	123
24	109
83	112
67	123
94	127
80	90
81	114
105	115
108	128
46	106
35	76
43	69
89	119
119	129
90	107
25	124
14	113
88	94
128	130
3	44
10	42
20	79
5	122
88	131
77	124
23	97
64	128
24	34
59	95
51	132
59	74
42	104
37	89
10	98
22	47
28	79
51	133
55	94
50	104
55	124
73	115
64	115
123	134
57	104
14	104
9	126
64	76
79	135
17	78
61	119
37	119
19	37
31	36
105	136
18	117
64	105
76	95
11	137
67	97
108	130
18	127
70	71
26	118
106	118
124	138
108	121
54	117
56	137
45	135
50	67
56	139
20	123
30	85
25	138
35	121
95	140
73	113
115	124
1	124
99	134
29	141
47	90
53	121
90	126
70	142
71	84
62	124
12	141
53	72
42	69
81	141
82	143
73	88
85	118
61	123
119	144
99	113
86	109
70	84
82	95
6	145
22	125
41	118
10	85
58	87
41	146
96	103
89	123
39	88
36	95
83	94
13	147
18	142
38	94
102	140
35	125
64	88
119	148
91	129
137	139
55	105
64	138
42	149
10	67
5	24
86	132
53	78
120	150
9	109
20	148
77	115
37	144
67	96
18	151
56	130
51	147
64	113
58	112
119	123
44	78
86	152
22	100
30	110
96	152
94	117
53	125
121	125
105	153
37	134
74	102
43	48
93	149
2	56
77	154
28	135
53	140
27	42
37	123
68	127
9	155
60	101
66	76
57	149
43	141
99	129
1	156
30	118
68	117
91	134
27	146
130	139
41	157
103	152
38	51
29	39
91	123
104	149
51	158
3	32
105	124
61	129
44	72
48	130
22	140
20	159
36	140
22	74
147	158
35	143
39	153
30	160
100	145
52	59
56	128
74	82
3	11
59	161
106	146
98	106
84	160
68	94
15	33
66	162
59	78
14	97
65	95
69	104
13	132
68	142
135	163
84	157
39	113
28	163
129	134
146	157
94	142
47	164
40	43
99	144
88	113
22	123
96	158
3	165
27	157
92	102
67	149
63	155
110	166
71	98
31	158
117	151
4	104
37	159
166	167
38	151
48	69
37	129
11	130
90	164
57	168
63	159
33	120
106	150
31	55
34	169
71	116
24	111
104	142
144	159
119	134
44	170
22	72
7	169
119	159
59	143
126	152
150	171
145	167
118	120
67	168
95	125
128	139
122	172
5	172
149	168
50	149
60	98
91	159
24	173
19	45
127	142
30	150
20	129
125	140
74	174
98	120
84	85
82	121
33	98
65	74
29	92
21	175
20	134
33	150
129	148
134	148
107	164
123	176
26	116
62	154
103	111
25	136
1	177
70	151
119	176
84	146
84	150
22	102
87	178
40	164
58	169
115	154
32	130
4	42
152	179
139	175
61	134
77	131
156	177
148	176
79	172
177	180
123	127
94	151
82	102
44	143
76	102
62	181
60	116
63	126
68	151
83	178
9	173
119	182
50	141
104	168
17	92
20	144
104	162
128	131
56	183
130	137
39	138
110	167
11	139
10	104
123	129
33	184
64	154
100	140
32	96
24	28
98	184
59	144
160	185
5	163
109	152
97	104
42	45
126	179
110	118
39	186
129	176
77	138
111	152
66	69
65	102
69	72
156	187
155	173
6	77
7	55
34	178
117	142
109	188
58	178
43	51
56	146
127	189
18	104
21	116
62	115
129	159
90	168
145	158
51	190
5	34
4	39
31	108
74	143
65	100
18	162
136	191
5	135
88	138
101	192
28	137
69	183
71	120
28	172
46	58
184	193
63	152
82	100
73	131
31	139
55	136
15	164
76	194
13	158
38	117
2	145
87	169
183	195
31	53
59	194
93	168
89	178
53	74
97	196
39	136
126	173
10	106
132	133
34	197
60	167
167	168
118	146
13	133
38	142
81	198
132	147
26	120
16	164
115	131
25	181
23	199
111	155
146	150
48	139
117	127
35	74
21	200
58	197
132	158
57	199
101	157
121	140
89	159
81	201
9	152
84	116
112	169
3	25
9	111
94	96
1	202
8	12
133	190
11	128
35	194
116	157
55	154
123	203
41	106
14	168
88	124
177	187
54	127
26	204
67	77
9	56
54	189
44	140
32	67
97	149
187	205
170	199
59	140
148	182
27	192
61	144
19	206
109	112
72	100
36	121
128	183
94	207
9	188
27	166
159	182
48	128
1	136
161	208
111	179
86	111
24	69
17	82
132	190
136	209
89	134
33	175
133	147
11	45
13	190
143	210
101	184
178	197
88	136
73	105
47	211
6	36
123	159
113	119
46	200
146	171
50	196
166	212
38	189
64	153
61	159
66	72
23	181
136	213
70	189
43	80
144	148
37	203
14	149
97	168
156	214
47	125
88	105
177	214
17	100
103	179
73	202
122	215
27	212
136	156
92	140
27	120
14	196
20	203
121	216
169	197
163	172
25	113
131	138
58	150
41	98
174	217
98	150
176	182
89	176
18	207
82	174
186	218
48	108
15	211
134	144
52	140
52	95
67	88
194	219
92	125
175	184
79	163
175	200
115	202
137	202
191	220
25	131
127	151
55	153
65	174
180	214
187	221
50	168
123	144
99	127
88	198
126	155
53	222
117	207
89	144
62	136
102	162
36	58
149	196
115	223
83	169
86	188
71	160
96	144
111	224
55	139
152	155
38	43
136	220
156	221
35	210
92	225
124	131
32	128
88	104
77	202
66	78
134	176
81	226
44	95
11	183
42	199
209	213
179	224
20	182
41	227
32	225
53	102
72	174
116	160
14	45
19	228
85	123
40	211
201	226
78	100
71	150
207	229
109	224
150	157
72	143
156	205
178	194
48	230
113	124
78	102
177	202
72	121
206	228
77	136
28	231
104	196
64	136
57	196
104	199
57	181
156	191
85	232
122	163
130	183
27	227
75	131
49	233
87	197
87	192
102	123
12	66
49	201
117	229
82	234
34	114
9	179
30	232
101	146
72	225
15	235
29	64
61	79
196	199
46	232
63	179
48	236
73	138
69	205
67	196
80	164
85	150
39	69
26	237
143	173
143	225
74	140
36	102
96	229
95	162
25	238
47	235
33	171
23	168
71	200
111	173
77	239
117	189
168	180
14	199
97	208
151	229
174	234
30	240
147	178
116	167
147	190
111	188
78	140
155	179
52	241
45	163
191	205
105	176
103	155
6	25
104	131
176	242
76	219
85	102
142	151
194	210
55	181
128	236
179	243
52	76
119	242
36	125
112	197
141	167
228	244
89	203
188	224
108	137
50	199
130	195
192	212
236	245
59	102
34	245
52	122
125	174
203	246
114	182
28	38
1	239
38	127
69	173
100	208
93	247
44	102
86	126
57	247
18	196
133	206
157	248
33	110
77	105
81	233
30	185
59	208
98	227
123	249
91	249
125	164
96	159
44	82
65	194
113	131
113	250
108	230
140	174
76	125
143	194
71	251
9	224
25	115
106	251
158	190
243	252
53	194
46	150
109	201
213	220
151	207
8	253
80	211
150	240
103	173
21	160
86	173
177	254
209	220
91	203
168	196
70	127
173	196
51	159
204	255
94	189
173	224
163	231
38	207
75	89
55	186
90	256
48	245
111	243
206	244
49	226
28	69
149	199
140	257
9	32
27	232
94	153
153	181
78	95
150	168
7	258
20	128
155	243
189	207
119	249
66	82
219	259
7	178
124	136
85	146
122	231
101	248
92	174
76	260
23	247
60	150
70	229
94	186
58	258
7	197
203	261
246	261
72	140
135	172
96	246
155	252
133	158
107	262
19	244
5	231
60	232
76	78
34	246
148	263
59	210
85	160
138	154
44	92
36	174
41	184
177	264
51	203
26	255
14	133
99	148
140	265
61	176
18	189
105	202
257	265
143	219
12	266
152	243
188	243
67	199
206	213
17	161
128	195
76	267
85	204
68	207
229	261
73	154
233	268
166	227
127	229
70	207
21	228
227	232
61	203
14	269
72	102
84	204
22	174
73	124
59	100
149	269
204	270
109	243
110	146
36	260
90	211
46	120
74	76
168	271
176	203
230	264
156	249
73	186
44	272
91	144
43	266
118	150
169	178
28	215
40	256
158	273
150	200
84	120
196	269
52	265
160	274
35	219
107	211
29	266
57	90
74	95
129	144
17	275
217	234
204	232
113	153
190	273
3	84
142	229
59	276
147	273
46	160
112	178
67	271
111	126
106	116
175	277
156	213
61	148
179	188
219	260
57	269
53	216
230	278
189	196
51	273
37	96
108	195
75	253
252	279
196	247
65	140
83	197
153	186
18	229
84	240
108	280
3	272
173	188
87	258
67	269
142	207
157	184
98	281
105	223
20	176
41	281
76	208
153	218
118	160
82	282
259	260
69	216
46	256
37	178
54	151
227	283
18	51
131	153
170	272
56	280
69	247
37	246
283	284
59	121
69	195
26	150
24	53
100	125
144	285
158	178
92	143
96	171
65	78
133	273
89	129
264	286
134	285
94	229
49	268
11	280
178	258
149	287
160	204
205	214
120	160
182	263
173	179
53	257
126	288
202	239
177	205
92	100
5	215
130	245
66	289
68	229
79	231
95	161
151	189
17	194
60	123
206	290
132	273
64	131
47	262
62	113
59	241
41	248
77	291
96	109
36	74
224	243
50	287
177	213
44	100
229	292
150	255
1	113
79	176
194	259
121	194
58	293
89	285
127	292
142	189
116	248
154	294
93	196
55	291
34	258
60	212
66	219
76	100
183	295
69	175
113	159
28	225
31	110
145	292
113	296
98	157
22	225
135	137
151	292
2	37
83	258
16	297
144	176
215	231
49	198
105	238
126	224
169	258
49	298
140	194
61	285
153	296
33	211
51	70
95	121
164	299
45	215
178	293
97	199
101	205
164	211
226	300
23	149
61	182
36	92
31	127
167	227
218	301
195	230
31	219
36	49
21	110
139	195
154	239
233	302
162	219
153	189
49	302
90	111
198	199
69	297
186	303
91	176
205	264
241	276
146	160
144	246
150	304
31	92
96	164
172	231
155	196
21	274
112	305
180	254
192	232
61	242
112	141
41	193
50	123
261	306
172	215
197	258
169	293
103	188
62	220
10	232
287	307
130	230
34	56
89	246
273	289
202	305
137	228
304	308
54	142
28	127
125	194
184	309
37	242
44	225
121	219
183	230
164	235
189	229
68	310
197	293
130	278
156	220
129	285
125	265
93	287
132	311
138	238
123	242
123	148
228	286
200	274
196	312
117	292
57	287
56	236
92	121
144	182
24	313
245	278
117	310
207	292
247	269
67	124
184	200
156	314
169	305
122	135
225	272
91	148
264	315
110	157
74	100
109	313
44	125
82	217
203	306
101	316
163	215
135	231
77	250
57	271
139	230
286	317
35	100
218	303
187	214
102	272
41	171
92	318
60	118
85	98
86	155
106	160
76	140
151	310
258	319
80	262
58	319
205	213
21	146
15	262
115	181
8	320
51	182
94	103
124	153
103	252
32	236
190	321
46	96
239	294
40	302
223	238
23	196
154	202
10	322
134	203
123	182
176	263
159	176
157	323
62	88
124	156
250	291
62	202
18	292
82	324
144	203
90	138
166	283
10	69
80	299
130	236
302	325
156	239
213	239
135	226
141	266
61	263
134	326
189	292
26	185
122	232
158	321
102	225
205	327
62	153
13	273
101	175
136	202
243	279
53	259
325	328
192	248
54	207
263	285
25	198
172	304
81	300
43	329
129	203
10	146
32	195
301	303
75	320
316	330
11	236
105	239
194	265
68	292
59	259
81	302
36	331
134	182
177	221
19	290
112	258
9	243
98	166
331	332
101	167
67	247
87	305
86	243
34	319
55	333
206	312
268	298
44	289
302	328
205	209
142	292
57	334
60	200
129	261
124	202
40	235
31	65
216	257
330	335
92	158
14	247
273	321
50	312
78	162
201	268
219	336
1	138
124	220
59	225
161	276
244	290
97	337
142	321
51	311
30	175
2	201
55	112
9	288
64	338
216	222
210	276
109	155
135	215
141	208
78	143
109	339
121	217
148	203
30	248
206	319
163	176
26	146
46	340
235	262
48	183
78	170
82	341
161	162
293	298
196	283
209	264
170	289
120	157
248	342
184	248
41	150
1	213
287	312
286	315
54	292
1	343
140	259
147	321
142	310
95	194
242	246
17	225
52	344
17	94
37	131
61	135
242	261
21	150
62	238
285	345
101	330
209	286
230	236
111	288
85	141
225	346
121	265
253	341
152	188
33	200
30	347
67	156
44	276
79	215
233	328
230	295
213	348
47	256
144	242
263	345
20	285
99	219
121	349
19	96
257	259
171	229
74	125
128	137
105	113
59	350
54	194
74	257
191	327
36	153
79	351
36	108
121	174
72	74
146	274
157	204
105	213
166	352
144	249
86	322
66	241
315	317
46	157
216	259
206	353
69	79
260	267
56	278
153	156
20	242
187	354
177	286
5	280
116	274
28	351
92	95
106	184
141	355
40	262
3	95
47	74
27	352
101	227
135	351
216	356
36	332
137	329
99	159
259	356
216	217
172	351
136	357
27	347
91	182
85	101
88	156
233	300
114	319
221	358
69	108
33	232
106	227
78	121
112	319
93	359
240	304
62	213
4	94
73	136
103	243
274	360
89	182
30	145
329	341
43	355
209	239
93	199
259	361
187	358
39	205
185	240
119	246
37	176
233	325
170	362
115	213
39	141
63	188
307	312
211	262
31	85
105	363
33	167
17	289
93	312
266	355
211	235
47	364
78	219
114	233
211	256
99	285
49	141
250	292
196	365
224	252
133	321
1	333
158	311
201	233
113	136
32	366
25	209
78	225
76	289
84	248
202	220
228	367
56	64
38	229
163	351
166	347
115	238
66	140
167	368
228	290
80	256
61	261
316	335
198	226
289	369
90	179
127	207
41	340
262	364
92	346
178	319
356	370
88	154
57	337
236	278
32	224
18	310
105	186
337	371
122	223
176	306
318	346
165	348
167	283
101	372
229	246
200	277
24	243
213	294
221	254
196	337
142	373
118	212
2	233
240	308
33	192
22	211
329	355
285	374
124	338
39	213
57	371
44	332
61	374
1	69
226	375
198	201
45	231
200	309
122	351
220	314
100	267
180	376
143	346
169	319
65	92
77	181
41	160
265	344
135	377
77	213
179	256
52	82
29	62
5	69
146	251
226	378
97	198
120	323
153	353
35	102
130	295
48	278
335	379
17	74
54	229
190	311
210	363
67	69
70	380
185	347
60	175
168	359
109	179
244	353
241	344
3	381
245	295
219	225
175	274
185	237
197	319
155	188
214	382
268	300
31	321
20	249
46	251
257	356
258	383
215	365
48	195
117	373
217	222
153	177
61	345
17	384
269	365
104	337
205	249
37	83
1	10
24	96
265	385
193	309
118	166
145	240
172	377
62	357
149	386
171	304
90	299
53	289
85	323
41	166
283	368
51	387
344	385
271	371
117	380
131	202
75	275
98	101
114	388
63	224
12	355
47	299
10	150
56	195
233	389
132	321
138	177
58	305
232	322
76	121
164	249
316	390
284	288
58	260
116	237
34	388
79	377
42	168
50	391
58	383
22	210
90	125
128	245
42	269
70	292
91	392
324	341
316	372
196	198
192	322
188	252
334	393
110	116
208	241
29	355
1	209
174	210
139	245
276	394
62	186
29	329
10	255
290	367
87	293
98	340
192	395
198	233
258	305
69	253
196	307
136	338
116	396
63	173
200	360
228	353
119	345
130	280
300	302
261	397
174	225
207	310
131	154
63	288
283	352
123	246
63	398
181	223
26	192
175	232
267	364
351	377
54	56
353	399
145	188
182	249
71	396
113	154
67	214
39	400
241	350
173	243
224	272
84	192
112	152
277	360
190	401
49	300
185	308
196	227
186	301
101	145
148	402
224	398
183	278
263	374
141	329
174	341
264	327
36	403
186	363
293	319
175	227
133	401
216	265
110	160
142	404
309	360
52	121
184	227
68	373
178	305
86	179
107	405
132	387
23	337
63	243
145	257
119	402
119	285
393	406
188	221
32	139
155	224
69	83
163	377
76	369
311	407
6	198
335	372
110	200
51	321
287	359
221	408
216	234
131	218
293	305
85	110
72	125
170	409
225	318
6	69
66	225
312	337
28	377
120	175
126	410
284	368
115	137
188	292
71	248
258	293
241	385
378	411
338	357
119	374
55	131
74	121
55	88
187	327
89	412
66	336
98	167
114	201
206	258
273	311
60	413
146	227
37	345
95	165
32	113
38	292
73	156
37	414
99	176
34	278
157	160
208	276
352	368
70	85
224	415
222	356
62	156
55	113
183	236
125	161
223	355
336	416
176	392
176	414
122	377
334	406
263	393
12	329
33	417
42	196
231	351
20	145
223	363
138	205
154	220
230	418
104	391
213	314
129	182
117	404
22	92
126	243
200	419
366	390
56	245
300	328
17	34
112	350
25	218
274	420
17	140
71	157
87	319
266	329
156	264
112	421
24	213
247	371
182	285
131	294
214	358
404	422
68	189
152	173
91	326
103	398
137	245
7	383
32	423
198	378
116	120
161	210
65	219
84	118
231	377
152	424
138	211
345	355
201	302
306	392
377	425
132	401
261	345
31	106
216	370
356	361
71	207
306	426
22	95
392	426
129	263
161	394
126	252
113	288
103	427
231	425
59	384
113	138
181	218
69	227
243	288
221	428
210	346
72	349
87	221
366	423
111	398
36	194
156	429
234	324
214	264
55	250
136	314
111	211
53	369
283	430
160	347
233	378
103	288
80	370
282	341
24	431
209	214
246	285
378	389
197	305
147	387
313	339
404	432
217	324
41	110
108	245
44	318
394	433
190	407
211	375
325	378
161	346
50	359
13	321
136	434
118	240
219	416
9	398
200	255
44	121
171	175
155	435
27	160
76	384
277	309
133	311
133	387
166	185
7	436
116	150
10	123
49	325
383	436
233	298
162	272
200	437
413	431
63	178
162	224
106	157
131	156
98	192
355	438
20	263
239	286
174	216
101	116
145	208
215	351
73	439
60	157
350	384
66	121
97	133
212	395
43	438
324	440
52	92
32	183
271	287
232	270
153	303
76	441
22	78
103	224
86	424
35	140
215	377
6	115
403	442
398	427
102	318
47	405
85	227
66	282
95	331
72	443
151	290
2	378
80	235
71	228
193	196
31	320
10	444
325	411
388	396
261	285
57	391
160	175
206	367
431	445
22	272
296	303
127	310
154	357
69	274
358	446
57	393
227	322
161	219
174	403
172	425
148	285
161	447
247	312
111	431
127	163
123	414
115	363
222	324
196	448
159	306
13	387
31	311
60	246
87	254
366	377
238	449
193	277
18	404
124	181
116	420
146	281
35	78
439	450
197	383
255	322
329	438
236	295
271	324
91	145
156	451
86	224
303	363
77	314
198	302
57	406
133	452
32	154
212	322
176	261
118	283
104	247
65	225
80	453
74	265
19	353
226	233
32	230
92	344
228	454
6	199
258	436
11	295
160	192
40	453
401	419
53	455
35	174
35	123
221	305
97	312
248	274
371	393
331	456
187	428
3	295
235	256
209	317
3	197
220	249
314	457
422	432
222	361
91	242
107	235
127	404
98	146
194	458
227	347
172	308
321	407
17	121
246	414
155	424
180	459
34	35
307	365
31	130
290	353
102	210
117	422
435	460
50	386
54	310
158	258
106	167
215	425
55	202
95	461
116	171
31	253
155	460
217	370
171	232
83	305
308	462
259	370
183	245
247	406
103	284
60	166
59	443
291	463
15	453
13	105
234	356
36	143
133	407
40	299
13	464
181	209
73	450
40	364
360	437
10	192
421	465
307	359
104	312
267	384
174	194
376	459
373	380
434	466
128	423
243	431
136	294
146	228
202	450
241	467
1	286
96	239
106	248
305	319
308	347
70	404
395	468
188	460
208	369
252	272
220	450
304	462
137	195
150	469
318	344
235	299
267	329
126	188
167	372
98	413
397	470
257	289
66	216
85	200
165	381
91	101
222	370
132	471
111	252
195	278
30	38
144	326
221	429
226	328
357	472
212	453
251	396
177	354
267	350
4	22
390	473
180	187
4	7
249	326
227	308
193	360
82	170
394	474
226	302
344	350
36	217
268	389
37	249
23	189
448	475
43	396
32	278
99	182
234	370
13	236
316	473
334	476
259	458
433	474
94	292
344	346
93	391
45	172
53	477
182	246
69	287
12	438
163	425
206	442
48	478
148	261
27	204
130	423
217	356
38	197
294	357
363	479
91	345
337	448
311	321
67	406
63	275
73	153
458	480
6	28
88	196
47	206
103	460
469	481
358	382
326	392
80	405
36	241
237	293
141	319
453	482
276	433
60	204
19	172
153	400
198	389
27	248
51	483
123	211
189	404
185	462
224	284
89	484
214	220
36	51
184	277
85	192
78	384
17	31
204	485
122	425
372	473
167	192
321	464
291	314
237	486
12	95
307	470
253	320
201	388
234	257
132	483
440	487
260	369
67	307
384	443
189	310
157	316
118	175
198	488
185	304
251	281
332	403
125	216
276	346
281	413
146	489
46	389
119	261
101	138
112	465
432	490
111	460
41	463
173	460
198	325
35	43
332	456
251	491
28	84
105	156
79	425
55	156
168	199
127	373
453	492
354	428
206	454
82	125
244	367
271	334
175	323
490	493
373	376
220	357
116	118
361	370
261	470
7	494
88	389
112	383
20	261
306	470
62	449
82	92
22	495
1	191
3	39
31	192
247	391
222	234
109	173
14	496
116	342
182	203
9	431
324	487
101	323
452	497
191	333
169	475
234	440
128	129
72	344
330	473
232	498
21	120
235	364
140	219
2	298
141	350
165	499
31	395
17	95
114	226
160	200
56	96
69	140
109	500
189	432
53	276
34	233
321	483
145	428
86	410
425	501
381	499
115	153
412	484
331	403
131	186
20	246
379	502
79	203
195	236
201	378
377	381
214	221
148	246
472	503
7	321
1	131
41	360
88	153
105	214
171	462
13	504
93	337
71	146
183	469
335	473
233	258
455	477
301	505
195	245
444	484
258	442
260	384
232	277
112	293
202	506
220	317
168	386
37	261
3	124
237	462
330	390
112	507
166	237
254	354
81	488
255	309
194	480
290	399
367	508
311	387
198	328
62	450
261	480
379	473
82	216
446	509
303	479
167	171
113	156
53	441
170	384
28	425
225	510
78	125
52	125
256	262
382	446
256	389
230	423
78	511
214	446
346	394
334	391
134	263
7	305
81	298
52	512
219	267
231	501
113	177
187	451
59	458
199	386
30	513
206	508
386	452
39	241
96	434
33	270
303	400
393	514
353	367
2	302
23	359
118	304
189	490
272	289
48	515
168	247
33	69
101	382
48	280
97	247
421	507
286	516
443	458
9	415
48	137
13	311
187	264
89	261
76	517
123	300
218	223
145	510
407	483
278	366
51	264
205	518
252	288
16	83
183	344
161	259
285	412
506	519
34	471
265	289
198	268
287	406
81	378
299	364
310	520
1	153
245	344
115	189
244	508
157	175
482	492
219	521
191	450
260	403
230	245
253	370
6	149
102	121
27	522
233	411
263	379
383	494
152	460
131	177
114	471
369	523
44	260
112	494
181	291
177	382
403	456
79	501
338	524
367	449
145	495
280	423
182	402
31	318
119	392
190	525
201	375
277	323
89	470
90	262
141	509
54	69
508	526
454	508
2	226
9	252
46	522
21	342
283	527
29	438
132	452
50	337
349	443
47	453
77	218
79	528
325	389
181	337
168	406
27	283
56	423
383	421
69	529
337	475
46	118
196	391
243	415
21	101
24	150
488	530
51	525
335	390
96	501
229	310
92	265
196	277
415	531
203	285
154	156
292	482
114	302
95	219
370	458
299	532
58	465
237	352
213	258
16	529
178	206
300	378
512	533
422	525
132	497
131	223
15	482
144	345
193	534
138	153
54	373
242	414
9	460
93	269
434	535
5	128
224	313
88	218
52	533
2	163
252	460
5	536
223	303
68	422
94	310
238	297
244	526
360	419
332	537
61	402
248	251
255	274
2	198
267	521
11	245
482	538
273	407
107	256
215	501
203	242
64	524
11	230
93	539
18	43
17	58
144	261
179	500
454	526
213	457
122	540
121	533
243	460
170	350
241	369
152	224
70	310
216	541
37	285
102	194
178	465
191	451
159	203
113	220
414	542
450	506
60	513
24	445
3	56
4	495
214	543
154	191
190	497
313	445
87	408
122	544
271	476
23	287
195	366
141	378
267	517
301	400
34	545
259	447
229	432
81	530
187	382
318	385
339	445
284	546
81	328
94	490
17	102
97	531
64	202
207	373
431	547
264	279
245	418
191	343
517	521
123	337
83	293
171	548
122	536
314	463
216	455
42	386
117	490
29	288
286	549
346	474
32	245
328	389
147	311
92	216
220	550
128	230
87	383
98	240
415	519
81	389
361	447
284	551
5	377
162	447
257	458
129	392
124	238
156	450
144	552
24	547
450	498
26	98
471	483
304	347
369	467
192	553
254	408
357	550
163	540
96	157
36	344
18	432
516	554
287	391
82	161
377	423
232	548
293	474
41	548
160	555
172	501
371	514
28	32
87	516
369	384
1	556
233	388
80	482
250	314
130	478
25	213
145	359
64	557
208	517
272	318
46	146
271	406
359	386
218	250
186	558
1	303
80	217
298	388
155	165
165	200
69	559
269	337
546	551
114	378
126	256
382	509
373	560
109	233
90	427
65	121
68	380
123	263
449	561
113	254
82	512
44	384
353	442
66	125
81	325
482	562
148	159
360	364
250	254
16	559
82	194
44	367
224	563
91	552
302	378
243	547
272	384
262	463
401	497
534	564
73	264
303	558
159	249
85	522
239	291
134	261
73	565
186	238
15	256
130	366
102	533
292	310
153	220
205	566
386	406
168	269
142	520
39	202
288	460
334	514
435	567
330	372
148	242
106	166
394	447
119	484
230	568
238	561
67	287
372	390
170	443
75	196
450	569
252	264
33	104
84	340
162	331
207	248
55	294
504	570
373	404
369	385
2	268
143	341
70	422
319	421
238	571
221	286
46	192
212	468
72	275
266	438
166	248
552	572
179	288
281	491
144	163
224	460
9	339
172	573
72	216
236	366
222	487
9	410
290	454
131	136
286	574
167	352
313	500
36	210
55	115
176	542
209	291
48	575
441	455
226	530
1	186
201	328
100	517
63	415
279	576
128	366
300	491
301	558
492	538
441	477
348	457
479	577
246	258
32	199
247	337
435	561
181	400
382	578
59	394
418	568
245	568
170	386
47	544
317	579
57	448
263	402
130	575
258	421
319	556
152	500
424	580
23	227
227	248
53	272
209	258
203	414
77	156
494	581
449	571
331	442
199	247
182	261
128	557
188	582
207	432
326	426
324	512
24	124
71	175
401	452
325	583
402	484
69	166
178	421
207	422
230	366
69	239
400	584
394	506
273	471
467	523
136	327
243	576
159	402
27	585
387	452
207	560
267	443
228	399
105	198
60	160
506	586
313	398
260	442
23	198
406	448
198	415
187	518
310	587
115	138
215	540
286	554
501	573
199	307
62	557
145	588
145	227
152	464
69	162
127	560
99	203
262	510
471	589
357	503
446	543
199	539
100	210
21	270
4	145
516	590
201	389
466	535
199	337
347	585
315	579
90	243
431	591
109	431
23	365
375	378
207	404
15	562
403	537
1	592
153	331
192	368
104	496
252	582
457	593
210	272
57	77
90	235
40	544
168	448
238	450
29	594
28	540
424	500
346	538
4	24
321	452
23	312
211	595
327	434
371	448
424	435
71	274
23	386
164	262
455	596
344	414
394	443
75	341
47	595
384	458
258	331
414	597
384	467
58	545
260	443
1	154
60	283
426	470
354	598
377	540
292	490
67	531
594	595
416	521
407	471
450	599
371	475
52	267
176	374
387	401
154	198
262	405
539	600
27	167
89	552
355	594
313	431
108	418
227	368
481	601
47	72
76	477
141	438
270	485
189	337
49	381
112	602
35	56
3	319
179	252
549	554
3	499
63	531
332	603
21	419
494	507
223	450
483	497
305	602
42	312
245	604
303	577
120	171
335	502
162	511
24	74
278	604
467	605
156	189
173	431
343	592
234	361
45	377
565	606
305	494
224	547
14	337
247	287
40	595
188	531
307	607
90	247
456	537
235	267
252	415
18	141
348	608
297	559
108	139
49	378
20	113
353	454
156	566
464	609
257	440
35	95
70	490
314	357
529	552
14	448
281	610
112	436
286	579
33	522
191	223
7	320
256	611
529	559
229	404
219	361
124	291
297	593
11	195
399	612
89	148
464	504
160	585
135	536
28	290
104	269
173	613
66	194
130	604
149	337
88	303
105	131
362	409
453	614
28	100
460	563
46	498
245	280
79	573
368	527
107	615
240	462
41	212
150	160
362	443
338	550
368	551
197	616
206	399
67	337
113	557
322	468
56	295
67	392
586	617
385	467
368	572
351	425
212	368
192	527
316	379
546	618
100	194
235	562
123	375
186	294
18	520
272	276
309	619
37	148
377	612
302	411
297	529
171	184
9	19
227	620
144	306
31	313
12	461
266	594
67	475
575	604
296	621
378	530
115	439
127	380
182	412
382	622
85	553
187	209
389	530
153	592
81	187
295	423
420	623
375	388
2	249
142	490
130	418
107	364
11	278
277	624
159	261
81	268
241	259
15	292
132	407
216	225
154	625
47	614
366	604
341	487
367	454
96	223
411	583
296	626
257	324
326	345
88	186
281	300
175	240
260	447
613	627
86	172
504	609
191	357
257	512
357	625
138	628
391	595
307	545
196	406
114	389
165	407
483	589
551	629
21	513
96	186
259	272
83	183
233	488
105	191
176	630
136	153
162	432
195	295
62	191
137	278
507	602
536	631
343	556
171	185
140	480
428	598
462	486
96	395
543	632
199	391
136	592
3	112
365	448
226	389
370	480
331	633
578	622
180	543
446	622
154	213
167	316
257	276
434	634
90	482
527	553
307	406
383	545
269	448
103	431
566	635
27	200
136	286
192	227
56	366
523	605
145	522
514	636
43	173
478	515
105	205
100	480
315	574
411	488
178	637
32	448
131	450
173	201
115	177
119	203
561	571
495	638
351	540
112	545
150	481
415	431
214	239
144	425
483	639
327	358
339	431
233	375
25	153
220	221
386	640
68	520
19	155
111	201
164	256
459	544
301	584
148	641
244	454
74	318
424	567
22	82
358	408
156	428
407	642
139	295
176	426
135	425
206	526
452	483
373	520
317	643
138	191
262	453
154	177
207	490
100	219
2	389
419	644
363	577
81	85
42	337
418	604
93	365
42	645
259	336
123	247
6	328
305	421
53	210
84	283
67	646
51	639
435	500
276	467
173	252
110	281
22	216
262	647
538	562
6	35
138	186
621	626
466	634
170	225
564	648
342	420
150	347
306	374
276	458
103	165
199	371
156	649
132	504
566	594
373	606
39	260
67	253
33	118
314	650
85	184
217	533
246	470
24	224
380	404
41	534
514	651
367	526
84	200
245	394
59	123
78	210
18	422
501	652
37	182
519	586
181	191
80	532
367	384
76	225
227	653
61	131
30	585
168	372
364	397
542	630
582	654
156	635
194	225
270	522
312	406
2	325
211	655
465	545
235	405
3	448
206	612
58	516
260	521
215	656
540	544
302	389
207	581
503	625
339	591
180	205
550	657
300	325
407	452
88	357
80	266
447	564
103	546
178	658
15	614
101	240
237	308
98	116
307	386
44	344
363	659
229	520
47	442
244	399
135	528
141	494
260	362
288	660
38	498
546	629
55	506
321	557
410	415
536	544
251	661
201	325
77	153
20	345
317	574
424	662
99	246
452	516
303	621
332	633
393	448
271	391
610	663
184	251
464	483
284	527
145	493
193	437
230	664
276	385
255	469
5	287
570	609
23	307
321	609
364	665
378	621
24	291
157	171
180	327
497	639
196	287
133	666
537	603
33	562
251	309
104	141
293	465
256	364
643	667
152	252
376	543
293	658
261	392
83	544
372	382
233	668
108	349
110	184
391	448
210	403
162	210
32	575
649	669
166	486
346	403
230	280
278	418
101	118
451	566
378	670
129	163
88	327
352	430
83	319
300	529
344	671
110	342
144	402
155	339
421	494
96	214
601	672
88	649
274	277
94	493
225	289
254	376
176	326
85	673
270	419
527	546
279	415
296	588
310	404
373	422
63	674
353	508
172	536
438	627
495	510
80	538
311	609
139	675
183	280
410	531
317	667
303	357
395	527
351	676
297	369
237	347
89	249
128	295
574	667
93	386
564	677
196	334
69	380
284	352
579	667
21	192
210	577
593	678
329	594
574	636
113	626
5	425
94	373
129	470
664	679
102	385
52	194
298	411
475	514
328	583
78	533
567	680
52	455
324	356
20	306
463	650
72	95
470	484
47	681
422	490
56	460
104	447
386	387
359	388
43	207
344	682
558	577
519	612
44	219
156	650
354	408
62	571
607	683
228	508
241	267
215	573
210	318
142	587
298	378
48	684
378	668
85	157
255	468
31	60
158	609
323	330
517	685
476	514
165	282
176	345
167	200
477	517
250	333
304	686
132	589
26	96
419	513
259	266
148	345
13	195
257	687
1	450
24	64
50	475
393	636
210	259
260	688
137	183
13	497
121	161
421	625
281	663
280	689
130	515
99	101
301	621
147	609
141	594
255	444
365	690
595	655
162	608
620	653
53	219
73	592
385	682
370	691
102	219
161	241
193	281
298	469
51	609
28	573
324	692
107	299
463	510
484	552
100	416
21	322
437	671
464	693
34	102
328	388
287	448
169	545
378	529
457	463
272	694
25	363
337	365
109	674
63	203
82	140
70	101
474	695
618	629
42	406
44	194
101	160
479	659
286	556
273	696
297	662
331	537
463	593
312	386
492	562
250	697
27	485
70	373
345	470
361	458
393	696
336	698
96	117
17	461
445	547
64	439
195	568
88	286
556	699
258	494
146	184
322	620
107	590
477	521
250	700
276	687
299	453
15	364
340	548
377	676
415	701
369	605
235	655
30	101
238	363
258	268
130	684
519	702
120	166
155	431
23	475
292	373
565	594
231	573
564	703
180	382
232	248
112	581
168	475
455	517
360	670
10	704
42	287
168	393
277	283
19	186
320	690
97	269
362	705
281	529
19	454
254	459
191	286
264	518
172	706
152	293
553	673
603	633
323	390
217	361
374	412
309	707
559	692
309	323
21	555
217	331
291	697
185	686
206	708
45	366
402	507
10	101
413	547
491	663
227	527
377	709
378	583
238	628
368	629
214	459
154	250
473	710
493	642
65	234
234	541
593	650
445	591
546	553
432	711
46	227
487	512
15	299
222	389
47	639
89	542
135	712
6	351
358	543
39	115
54	96
298	583
147	713
379	390
197	658
697	700
50	448
315	667
344	714
105	286
263	326
378	491
165	307
134	246
125	225
86	715
268	700
80	595
7	127
415	445
321	642
65	349
504	716
137	230
57	386
115	136
106	240
81	411
330	379
531	717
34	421
170	267
256	615
307	448
198	530
465	718
671	714
349	533
201	300
222	369
107	453
464	719
438	594
156	317
242	470
340	498
345	402
107	482
422	720
274	419
167	486
177	238
187	239
151	520
236	664
301	721
446	578
172	179
150	308
49	411
133	497
70	493
565	722
416	421
186	561
72	162
28	544
504	693
546	723
519	617
147	666
192	200
262	655
100	495
240	277
276	724
154	186
535	634
283	372
140	276
116	283
318	369
417	725
606	722
10	227
197	494
316	323
327	536
141	196
718	726
75	188
151	373
280	418
49	389
149	371
75	727
521	685
299	615
504	589
37	402
435	680
8	727
503	728
64	291
38	231
390	502
260	318
206	494
47	538
208	729
407	588
43	594
219	234
217	262
401	407
262	665
242	730
413	591
432	720
505	558
338	657
465	658
536	540
87	731
399	526
57	307
25	214
198	300
26	86
258	379
134	732
231	706
100	533
188	415
360	401
151	422
268	325
577	733
431	613
424	715
268	378
73	218
488	583
98	419
10	734
132	713
456	603
27	150
35	129
454	708
87	581
543	735
369	370
31	727
16	227
413	491
348	593
34	465
298	736
168	496
205	220
409	705
49	260
239	303
69	323
19	737
81	192
149	307
280	295
334	371
90	320
218	565
217	738
356	455
251	274
138	561
509	622
113	180
132	609
177	739
96	719
565	592
292	432
400	621
209	327
146	175
90	740
271	475
18	208
101	304
19	163
558	561
251	741
241	523
465	494
525	639
18	587
126	279
21	240
228	742
49	388
13	238
281	360
408	446
173	339
298	328
667	743
82	210
144	145
376	446
344	542
66	744
20	402
136	634
544	631
197	545
254	327
577	659
451	745
57	539
40	611
1	123
63	460
375	668
145	523
467	746
440	458
399	454
339	613
321	719
210	694
64	657
523	747
364	537
119	470
217	257
169	658
1	13
51	696
256	748
619	707
440	512
270	513
226	298
81	264
443	447
256	749
410	715
39	156
95	225
311	497
515	677
4	287
576	750
28	536
457	678
181	363
85	240
516	574
24	179
94	751
682	714
261	326
149	189
61	246
549	579
374	630
711	752
298	325
50	531
652	735
155	290
300	389
513	579
415	753
28	98
346	714
83	704
32	568
396	420
20	542
384	754
15	665
369	441
78	744
218	389
319	383
520	589
529	755
71	513
268	670
363	400
224	445
223	451
310	373
378	756
224	531
139	236
573	652
49	328
180	451
260	361
49	757
207	711
26	686
471	642
290	508
170	307
12	594
13	758
151	490
469	601
448	514
524	557
293	383
60	759
174	259
357	381
401	666
217	691
216	369
80	562
64	760
111	445
454	737
30	36
119	326
52	143
83	761
379	676
377	536
534	548
160	283
242	426
101	489
323	762
223	400
52	102
476	636
18	493
340	522
208	346
482	763
267	318
268	388
399	508
280	664
195	409
423	689
120	764
655	761
444	468
464	642
231	536
5	573
545	718
345	765
20	326
134	159
245	366
146	527
347	527
95	259
490	766
249	263
337	414
191	516
239	621
288	311
434	592
378	767
309	491
256	299
102	260
167	335
241	370
44	174
663	768
76	754
93	307
13	713
23	640
57	640
587	769
526	620
93	600
226	756
13	146
101	518
334	640
411	770
635	649
77	223
434	565
19	223
60	240
131	524
723	771
566	745
454	742
330	489
171	214
185	486
388	757
309	772
269	406
72	331
109	398
312	391
36	265
225	773
419	485
41	200
15	492
325	530
495	523
96	263
755	774
245	246
400	577
66	331
367	399
104	600
575	775
18	153
290	526
579	743
439	760
209	494
169	421
183	776
236	423
157	489
185	227
93	271
566	777
158	495
24	288
155	292
6	331
442	582
1	220
395	778
473	502
130	776
101	150
122	573
549	743
279	410
148	779
581	602
81	757
189	587
14	406
227	704
149	151
554	780
191	590
160	764
421	570
79	536
53	324
289	384
262	781
312	640
83	637
220	358
140	687
21	227
309	782
215	494
343	699
520	587
372	430
412	552
94	181
685	783
259	480
346	695
8	108
327	382
19	399
446	459
721	784
217	369
242	263
258	581
661	741
665	781
280	478
461	785
213	327
478	664
470	765
604	775
360	624
37	630
785	786
145	562
356	541
51	497
529	774
505	567
30	146
64	787
305	507
360	534
169	731
305	383
114	670
675	788
290	737
182	242
162	537
526	612
83	507
58	65
292	789
455	560
422	560
96	286
369	477
281	741
71	481
180	790
40	266
595	681
27	413
468	778
249	285
284	629
462	791
360	478
526	557
222	605
118	157
487	692
244	411
663	792
105	459
328	736
98	759
437	670
501	536
320	388
781	793
29	555
232	417
309	624
52	155
490	560
105	177
340	794
28	712
3	206
225	276
545	746
159	246
14	386
413	795
77	539
152	410
570	716
668	756
277	498
410	424
264	796
315	743
118	192
295	366
69	755
388	736
147	401
283	797
36	694
7	719
145	647
235	482
339	410
526	742
440	798
46	169
84	112
508	612
204	759
64	561
554	579
197	799
737	742
307	407
160	673
398	531
632	735
103	410
176	800
426	542
293	494
360	644
143	394
202	557
107	123
589	801
26	171
389	670
83	421
72	259
140	754
481	672
350	802
139	278
168	337
476	640
253	727
297	581
614	803
54	560
94	422
332	442
222	458
48	775
206	742
243	804
105	524
197	436
368	372
111	279
58	616
381	584
245	805
602	796
482	595
157	534
185	277
148	326
108	183
542	806
416	685
132	525
2	300
40	536
748	749
318	510
325	807
388	583
453	647
363	449
89	426
9	313
186	808
508	708
405	665
534	703
434	606
317	516
541	595
695	809
354	358
198	583
60	489
501	699
71	227
24	613
794	810
55	519
521	783
225	260
91	261
198	807
212	778
134	811
374	392
223	569
612	676
352	629
116	316
351	656
426	812
164	364
213	223
453	803
302	388
555	673
416	533
304	813
544	712
494	602
121	441
43	230
81	668
43	139
302	814
377	712
442	537
112	637
505	721
114	583
306	542
801	815
103	660
38	751
693	716
666	736
353	742
536	706
489	816
53	174
18	490
340	534
474	714
143	289
404	490
378	817
277	304
44	97
405	781
11	64
589	716
463	499
655	818
554	743
411	530
14	557
258	637
426	730
541	769
552	819
240	281
49	443
212	527
549	667
26	308
617	702
45	820
217	467
289	332
449	557
270	322
51	532
269	371
606	821
240	283
524	550
527	629
69	316
53	694
158	240
320	822
294	634
86	435
297	595
289	603
186	220
352	462
327	823
230	805
498	534
123	343
128	684
113	450
127	789
430	824
273	653
90	562
554	556
264	494
320	727
118	139
200	825
180	213
153	519
221	297
63	804
516	549
369	389
244	826
158	452
547	591
472	728
92	259
260	370
190	387
348	827
143	161
492	647
218	505
606	634
304	323
390	710
120	828
630	654
432	520
415	617
115	198
248	485
92	282
350	829
432	752
376	606
353	737
513	522
371	715
359	675
201	830
3	142
59	282
96	439
21	167
335	486
416	477
412	831
42	141
123	380
491	795
396	661
159	779
243	743
483	832
322	347
322	469
581	711
53	724
593	608
190	495
19	833
532	538
591	613
327	578
56	373
249	306
16	774
125	834
345	547
376	735
484	612
401	504
290	633
18	751
705	835
54	380
353	526
89	641
479	733
231	744
151	442
480	836
69	695
279	582
40	450
46	240
414	426
537	633
564	837
138	286
212	248
338	503
580	662
90	453
509	578
294	838
31	822
181	516
239	650
78	259
49	78
298	302
36	839
456	633
147	484
177	186
36	267
567	580
150	734
658	840
100	144
271	393
84	101
141	206
7	319
511	744
95	841
7	214
117	560
253	567
416	495
219	698
208	443
8	842
164	647
129	326
255	308
341	394
335	430
210	260
371	843
92	455
289	443
227	417
464	713
320	842
5	149
758	844
102	349
74	694
293	718
30	121
40	122
721	845
701	753
399	742
22	153
23	371
37	326
499	529
613	846
374	426
481	492
38	432
100	225
207	752
223	343
816	847
116	227
423	460
136	205
247	448
281	309
76	161
747	848
197	421
141	762
293	736
567	658
624	772
536	712
46	849
120	270
312	607
198	814
38	48
163	528
47	121
827	850
79	540
300	552
299	442
40	501
224	410
144	470
61	851
46	101
82	276
343	565
104	307
126	431
595	852
523	848
547	613
303	505
128	278
445	563
535	592
438	853
100	275
301	561
210	510
250	301
216	389
94	720
851	854
28	656
51	751
263	300
273	758
267	442
17	267
64	855
179	804
61	854
352	486
19	105
625	728
219	324
558	856
382	451
390	430
529	593
37	851
653	704
253	822
116	857
319	602
722	821
42	371
318	394
207	766
294	524
114	858
291	327
465	726
662	715
307	391
28	706
75	221
450	859
709	731
178	545
318	341
68	432
4	69
324	521
322	860
7	602
260	456
109	126
656	706
429	650
300	861
86	580
312	683
647	803
90	95
580	715
469	672
591	862
558	808
214	544
226	473
444	778
764	828
41	863
111	424
223	286
59	219
292	493
94	519
530	670
67	864
473	489
70	520
425	540
439	599
565	566
104	303
634	865
29	853
30	69
211	538
571	628
156	745
394	604
29	866
145	397
90	287
569	859
128	604
169	465
405	562
119	867
347	805
161	318
170	260
822	850
386	391
265	834
324	868
554	574
227	372
300	345
211	405
190	504
306	484
284	869
221	739
67	391
65	210
263	732
141	481
90	155
755	870
649	745
234	533
531	715
306	414
45	425
561	721
412	871
96	785
525	609
104	539
211	818
92	828
623	699
145	872
334	386
31	842
88	205
374	414
314	592
116	304
336	873
130	775
635	669
75	148
10	120
589	815
360	491
524	874
160	498
43	853
448	690
74	260
198	258
461	786
395	875
215	712
142	560
5	544
63	431
19	708
584	621
389	876
323	473
352	585
182	345
101	200
143	350
669	745
590	877
48	604
500	747
694	724
807	814
489	513
215	706
814	878
242	249
568	575
235	665
551	618
334	359
164	595
436	879
155	613
96	192
260	356
100	121
49	74
483	504
182	880
632	866
599	859
207	834
41	849
177	516
507	815
687	881
458	487
43	866
18	380
503	550
464	497
274	555
22	882
282	744
60	227
413	419
681	852
159	242
548	564
227	883
246	597
621	721
282	336
153	213
742	847
441	694
495	884
477	596
333	506
69	554
101	493
500	567
197	602
33	885
400	519
64	218
104	509
171	251
215	652
619	772
403	886
289	633
101	816
709	712
154	838
136	535
756	767
548	887
441	517
104	578
217	289
405	793
778	875
90	818
662	888
148	732
502	710
113	115
24	101
652	656
797	889
573	656
375	670
9	445
115	382
631	706
539	890
572	819
157	762
109	424
39	177
630	806
258	679
766	891
226	858
73	859
114	345
178	616
143	695
460	674
31	892
287	337
531	563
361	467
400	569
315	549
155	288
740	893
135	540
100	259
301	565
372	527
73	363
707	772
277	894
84	522
491	610
353	833
711	720
96	330
199	496
357	895
201	298
150	420
600	753
326	470
31	422
125	210
655	896
140	324
370	836
311	464
853	866
303	450
278	515
765	897
424	531
684	720
693	719
397	765
16	761
266	853
419	898
114	325
361	362
287	476
271	636
27	513
281	863
88	899
56	68
413	759
373	490
236	798
247	752
231	540
644	900
320	745
291	700
489	847
65	336
99	261
231	712
303	901
242	374
417	653
353	612
355	435
519	584
96	313
814	902
479	901
199	312
737	833
89	306
70	826
57	803
301	903
323	372
280	810
466	865
154	363
17	786
240	284
864	904
27	527
279	750
52	100
424	431
150	813
574	590
504	905
150	601
11	760
246	442
348	529
468	875
179	531
117	906
370	384
414	806
490	891
575	684
174	257
83	581
310	907
240	330
547	627
220	503
594	853
447	474
119	851
717	908
525	652
163	676
407	589
134	345
95	785
88	254
851	909
546	771
122	656
367	612
282	873
843	879
203	263
394	910
375	530
179	415
289	738
476	581
138	264
189	906
834	911
444	734
65	161
14	312
535	832
69	870
299	482
560	912
403	447
100	786
159	345
643	743
431	460
707	782
599	913
141	621
58	637
727	908
405	615
407	464
69	96
449	914
768	792
802	829
159	285
149	247
550	728
220	223
319	915
235	740
227	253
76	738
111	660
380	805
162	318
296	916
109	411
96	252
64	599
58	507
333	451
110	825
232	917
200	401
185	283
199	393
306	641
252	424
908	918
535	565
451	459
319	465
226	388
574	579
59	919
631	656
339	547
310	432
616	799
218	357
255	860
708	920
107	538
454	612
546	869
30	192
330	527
132	832
903	921
69	293
485	585
37	196
389	814
335	710
452	922
106	809
671	682
185	192
75	168
611	748
158	293
40	923
108	575
96	145
49	174
137	366
60	704
419	900
490	924
96	126
86	252
97	475
222	257
111	750
54	610
597	925
519	577
255	281
627	846
167	240
59	272
298	488
743	926
99	242
74	217
191	561
260	537
260	289
602	799
749	927
12	565
605	746
58	421
395	629
49	814
653	928
73	577
26	110
277	686
25	186
93	334
67	371
529	929
398	445
356	440
708	737
559	774
91	285
772	782
916	930
119	909
280	568
5	689
310	769
114	668
270	900
155	931
551	869
157	863
505	856
218	363
197	637
773	932
118	248
55	650
150	232
32	604
296	930
17	125
629	933
228	526
408	483
818	896
321	504
355	866
277	934
133	464
452	719
369	754
658	726
626	930
422	891
452	935
376	722
190	452
322	900
581	799
478	776
410	547
630	936
595	923
443	533
376	821
425	528
81	388
116	184
134	937
171	661
82	225
367	768
127	145
540	573
149	290
776	938
138	796
368	390
407	719
369	456
190	758
74	447
936	939
405	482
221	595
7	799
465	731
356	442
6	136
705	940
289	744
65	276
433	910
191	550
113	221
112	726
745	941
468	469
147	452
129	246
26	240
444	704
424	888
316	942
301	697
226	783
192	453
494	545
515	775
210	356
424	943
165	284
17	216
453	763
80	923
353	826
686	944
506	650
629	875
139	575
290	620
11	515
204	274
115	945
261	597
416	512
8	892
179	753
354	446
441	754
788	946
249	450
245	478
365	406
168	527
112	718
156	577
661	947
107	818
35	455
255	401
469	734
340	887
396	481
654	948
374	597
179	431
94	924
311	483
164	665
530	876
23	949
398	431
887	892
516	579
189	373
81	375
297	755
645	950
547	715
620	928
233	493
188	431
106	200
483	951
28	631
166	240
398	415
253	917
57	607
522	548
441	952
430	633
133	483
501	544
64	700
335	489
345	618
781	953
178	249
349	362
369	510
532	923
288	415
474	809
846	954
315	518
583	736
739	950
190	623
19	122
169	494
198	955
267	477
432	766
163	389
186	210
497	642
272	344
32	956
311	870
529	870
195	280
732	779
745	777
614	681
561	957
674	804
230	956
401	464
196	386
176	597
75	842
718	958
92	511
898	900
529	741
120	462
251	360
285	326
858	959
228	833
158	922
80	364
13	138
6	48
626	916
441	960
206	386
241	495
358	598
311	401
99	263
222	541
857	961
320	892
97	386
476	651
270	898
730	812
852	923
645	962
337	640
434	722
57	514
42	247
124	221
349	384
63	963
393	496
854	909
510	754
255	772
609	922
608	827
484	964
708	833
716	815
124	382
387	464
178	224
54	618
189	965
392	730
430	473
84	227
309	390
299	595
228	589
929	966
273	844
86	431
675	946
64	796
538	818
50	646
637	967
381	682
367	804
508	742
317	357
612	708
187	499
692	968
209	294
542	552
577	617
554	667
138	220
922	969
266	866
134	249
309	316
330	462
175	555
150	585
331	970
589	719
131	561
305	761
3	568
96	944
208	724
909	971
469	891
114	767
950	962
180	606
348	678
487	541
469	972
338	728
356	517
34	149
471	609
19	526
54	432
346	973
245	800
96	454
256	927
811	937
284	330
389	748
850	974
80	480
650	745
669	941
521	537
529	966
255	277
196	975
343	569
262	562
577	621
442	443
436	637
380	560
288	976
310	751
784	845
151	404
175	304
583	757
35	260
315	977
116	534
74	216
91	246
260	705
138	221
513	978
408	459
304	791
96	808
350	467
257	881
321	653
637	979
61	414
108	236
425	656
288	701
121	511
835	940
534	980
508	833
156	303
110	141
75	182
306	730
90	893
522	981
553	555
275	461
179	460
183	366
121	170
318	682
258	982
255	624
76	796
324	541
209	238
793	953
273	666
706	983
659	901
698	873
180	626
325	770
397	897
409	940
866	984
228	733
66	210
88	450
140	275
169	331
171	204
28	985
221	296
605	848
154	558
806	936
186	291
134	374
121	986
26	160
647	665
617	621
256	562
313	410
949	987
618	933
493	560
22	265
67	386
261	542
437	624
23	988
407	609
558	866
82	257
726	958
473	513
376	632
867	989
641	732
253	842
271	959
16	755
394	586
203	249
762	990
102	442
404	560
159	263
255	413
237	248
282	416
118	991
202	214
184	281
152	415
522	673
74	210
220	544
613	992
131	141
397	597
80	647
593	745
3	775
353	708
932	993
168	312
425	544
2	68
487	968
65	82
158	407
81	994
726	731
361	705
51	58
222	480
746	848
181	202
65	995
87	494
36	220
233	320
458	467
522	885
548	661
327	996
493	751
716	801
227	246
145	790
580	680
278	280
287	997
273	401
115	859
127	129
467	747
252	445
277	462
125	998
8	377
67	904
455	724
391	514
383	637
562	781
219	999
359	406
184	934
125	143
89	345
227	928
594	866
905	1000
410	431
118	778
205	429
67	763
715	888
334	651
32	246
378	736
545	958
249	345
36	995
305	545
351	366
605	747
367	737
68	325
375	389
616	658
338	796
777	941
458	687
721	856
105	859
232	255
149	404
214	251
703	837
317	549
379	486
473	978
446	872
205	450
341	521
178	494
407	951
748	927
421	726
615	927
471	832
180	930
505	621
515	575
412	641
285	597
209	457
171	947
106	192
465	840
139	946
461	964
244	612
21	372
291	363
271	871
89	812
86	445
87	549
111	410
69	929
543	722
107	532
608	850
43	129
197	857
245	515
604	805
627	954
20	800
672	972
404	965
62	131
569	584
207	912
4	171
591	846
177	211
328	861
845	856
93	531
75	128
379	462
586	702
221	541
331	785
131	239
303	449
38	422
155	313
269	391
617	733
588	872
59	92
341	447
638	884
395	933
24	155
256	482
588	878
148	249
470	945
646	864
849	863
476	997
468	620
98	160
559	755
21	498
316	527
174	886
159	730
834	998
634	722
664	776
456	970
543	626
280	679
832	951
43	725
470	552
495	848
24	126
225	932
663	863
265	671
501	540
283	889