44 88
163 2 144
2 3 4
2 187
64 1 3 15 2
5 9 161 73 25 50
2
2 95 3
68 2
55 2 12 9
11 55 23
134 6 142 2
111 18 188 4
8
7 16
28 2 70
93 2 26 18
2 10 91
8 16 155
11 19 7
158 36 3 17
2
2 7 1
147
187 9 131 82
18 108 30
21 2
2 12 38 20 55
182 185 19 23
56 26 8 46 170 53
187 122
114 137
46 4 114 2
8 2 145
51 12
186 56
24 2 151 6 1
6
4 7 1 5
16 3
73 2 6 148 25
29 9 1 10
19 23 2 33
1 12 198 176 2 20 143 141 99 10 18 69 93 5
2 15 8 26 3 50 5 71 198 16 39
138 34 155 18 42 8 20 29 143 3 200 9 117 63 154 4 56 2 197 11
2 44 126 31 125 6 39 8 12 9 20 136 3 15 69 134 99
20 65 166 169 108 87 2 12 3 86 71 178 53 8 27 132 11 131 41 118 35 120 168 55 9 15 7 24 151 50 194 116 127
5 16 106 4 2 33 6 10 117 3 56 8
183 174 129 22 91 200 167 11 39 115 19 83 8 6 169 3 31 48 112 2 4 51 49 57 135 1 140 20 107 109
68 2 7 46 13 6 83 85 1
7 46 1 191 2 11 52
4 149 31 58
119 27 58
62 55 2 185 1 5 165 30 192
37 132 78 12 85 3 6 2 5 26 83
1 22 151 27 156 79
7 2 1 62 147 12 103
18 2 44 156 175 3 12 109 116 120 17
7 157 22 2 173 72 8 152
153 150 2 111 7 97 52 10 6 34 193 27 30 5
38 6 144 159 5 7 2 12 13
9 27 162 1 19 29 2 121 11 96 88 20 40 165 3 116 8 30 13 6 189 12 28
75 82 7 21 63 83 15 62 49 2 166 74
2 34 56 155 177 107 169 114 9 118 140 5 181 4 21 149 129 139
139 97 14 75 164 4 136 85 168 11 41 129 2 137 13 5 43
67 101 1 136 11 141
2 172
10 2 1 107 134 26 7 185
4 3 13 111 16 31 7
108 153 130 3 28 35 105 1
2 3 73 8 48 1
2 86
2 122 6 25 65 40 166 57 52 3 127
17 24 52 103 191 25 8
114 2 60 16
5 8 131 12 31
25 124 17 3
122 188 66 30
80 16 7 162 100 196 1 127 176 121
39 179 186 109 1
34 49 2 13 5 32 6 24
35 110 2 12
11 39
12 125 7 13 18
51 4 29 135 11
155 2 17
44 1 35 51 101 133
195 42 147 64
41 87 192 5 15 186 6 147
2 12 94 21
5 1 70 14 4 41 136 51
115 19 2 41 46 10 36 143
174 71
69 2 171 137
121 22
51 2 7 3 1 9
174 37 153 2
