11	21
6	22
15	23
8	24
6	25
3	26
23	27
22	25
13	28
15	27
12	29
10	30
5	31
10	32
30	32
7	27
6	33
19	26
17	21
22	33
12	34
6	35
16	27
8	36
25	33
17	37
29	34
26	38
2	32
22	35
22	39
3	38
20	33
25	35
23	40
15	40
24	36
19	24
29	41
34	41
12	41
2	24
5	42
35	39
18	27
6	43
22	43
4	34
7	18
16	44
6	39
27	40
34	45
33	35
31	42
25	43
45	46
34	46
43	47
25	47
35	47
31	48
22	47
12	46
27	49
42	48
9	47
40	49
21	50
29	46
35	43
23	49
43	51
33	39
5	48
12	45
44	52
15	49
11	50
30	53
2	52
19	44
25	39
32	53
28	54
47	51
50	52
42	55
41	46
10	53
11	56
6	47
22	51
29	45
16	52
47	57
14	38
50	56
41	45
36	47
10	58
19	56
5	55
42	59
5	59
21	56
13	54
39	47
2	60
4	45
48	55
26	61
37	43
31	55
13	34
4	62
9	44
51	57
10	63
6	51
39	57
19	42
39	43
55	59
8	64
32	63
30	58
24	64
9	65
27	65
39	51
11	66
48	67
24	66
43	57
36	68
3	14
21	66
54	69
9	57
13	69
33	57
41	70
53	63
31	59
35	51
49	71
25	51
34	70
2	62
42	72
14	22
22	57
36	64
28	69
44	73
40	71
23	71
37	74
33	51
12	70
56	66
68	75
48	72
30	63
48	59
5	67
6	76
39	76
20	58
68	72
50	66
73	77
19	36
44	77
58	63
26	78
18	61
33	47
5	25
36	79
45	70
3	61
57	80
33	43
36	75
30	81
39	80
38	78
32	58
24	82
12	83
24	75
16	73
3	78
55	72
53	58
30	84
61	78
16	18
6	57
27	71
36	85
17	74
52	74
68	85
40	61
71	86
22	80
15	71
22	76
58	81
11	87
29	70
38	61
32	81
87	88
42	67
66	87
14	49
45	83
35	89
39	71
3	49
33	80
6	89
22	89
55	90
31	67
46	70
48	90
83	91
15	86
36	82
44	47
50	87
52	92
66	88
49	86
34	83
50	88
29	83
53	93
59	72
52	77
25	94
43	94
6	80
7	80
1	62
9	77
64	95
47	94
63	81
35	57
12	91
57	96
47	89
8	68
64	66
79	93
39	94
83	97
16	77
63	84
31	72
29	91
11	88
37	98
64	79
8	95
81	84
63	93
87	99
24	68
77	92
52	73
11	99
72	100
25	89
5	72
45	93
46	65
48	100
12	101
73	92
21	88
89	94
8	75
16	102
55	67
36	95
17	98
35	80
42	90
67	72
68	103
84	101
34	97
64	85
21	87
36	104
22	96
42	100
10	93
16	92
78	105
35	94
23	86
92	102
29	97
75	79
30	105
43	106
10	81
51	80
64	68
41	83
1	107
33	89
95	104
82	104
24	95
52	108
21	99
3	105
61	105
10	84
71	109
94	106
6	96
18	91
23	109
20	59
28	110
74	98
32	93
53	84
54	110
37	111
8	103
47	106
56	87
18	30
59	67
29	112
25	76
50	62
5	90
85	104
67	90
8	82
110	113
39	89
8	79
27	86
43	76
44	92
23	114
52	102
18	58
6	106
4	41
70	101
99	115
13	110
31	100
12	97
58	84
15	109
87	115
95	116
67	100
21	26
51	89
57	89
73	102
72	117
98	111
49	114
44	102
86	114
10	118
35	76
34	91
26	105
63	118
42	117
115	119
97	101
83	101
31	90
87	119
84	118
60	120
41	101
18	26
79	82
69	110
99	119
73	108
107	121
16	40
58	118
25	57
34	101
94	122
58	93
24	103
106	122
33	76
11	115
74	123
50	115
38	105
64	75
2	120
81	93
98	124
85	95
66	115
30	93
91	125
37	123
47	73
18	60
98	123
6	94
74	126
70	83
25	80
86	109
76	94
81	118
44	108
69	127
88	115
29	101
27	109
60	107
20	105
53	128
68	95
77	102
1	121
53	118
40	86
30	118
106	129
47	76
16	108
41	91
105	130
7	60
43	80
51	94
46	91
83	125
129	131
98	126
90	117
39	96
46	101
37	126
34	125
13	132
5	100
35	122
122	129
33	133
31	117
46	83
69	132
25	106
52	134
36	103
55	100
33	59
18	65
20	55
50	135
68	104
45	91
18	71
8	85
80	89
59	100
37	136
45	125
56	99
76	89
44	134
28	127
88	137
122	131
38	130
19	68
57	94
123	124
44	138
79	85
32	84
76	80
74	124
58	128
8	104
122	139
126	136
17	126
56	119
50	99
137	140
7	57
68	82
91	101
96	106
83	112
32	141
111	136
27	114
2	65
25	96
77	138
56	142
11	142
19	128
22	122
11	135
25	122
57	143
59	117
33	96
57	122
79	95
72	90
3	19
26	144
109	114
115	135
75	104
35	139
26	130
17	124
87	145
12	125
73	134
81	128
111	126
73	138
39	106
139	146
37	105
76	122
19	107
53	81
9	19
112	125
41	147
102	108
69	113
66	99
67	117
50	148
25	131
81	141
66	142
12	112
134	149
51	106
41	125
73	149
53	141
141	150
99	142
31	110
44	74
15	114
11	119
63	151
57	76
43	122
12	147
35	37
120	152
55	117
71	114
88	140
17	111
57	129
58	91
83	153
26	44
118	151
10	141
118	141
119	142
116	154
16	138
99	145
24	116
93	141
51	76
147	155
50	67
8	116
98	136
43	89
72	156
70	91
93	118
13	127
108	149
22	131
64	104
93	157
12	153
87	148
49	109
43	96
83	147
42	158
31	156
68	116
51	96
81	151
45	153
107	159
112	153
22	139
43	143
51	122
89	133
149	160
40	109
32	118
8	154
36	116
93	151
58	151
147	161
50	119
40	114
121	159
11	148
154	162
24	79
81	150
19	50
1	159
102	134
50	140
43	163
13	113
55	156
3	144
78	130
92	138
140	148
45	164
84	150
106	143
6	122
50	142
33	94
35	96
135	165
111	124
118	157
22	146
142	148
84	93
99	166
141	151
58	70
74	111
11	145
72	158
72	167
31	158
59	156
82	95
2	152
80	106
128	141
51	168
137	148
38	144
79	154
28	132
89	96
166	169
81	157
80	96
60	152
78	144
74	170
70	125
21	145
56	88
76	106
22	133
102	171
88	99
68	79
67	156
73	172
83	161
111	170
90	158
117	158
62	173
48	117
44	82
31	167
47	172
41	155
40	174
37	124
136	147
91	112
67	158
58	172
147	153
27	175
5	156
106	131
5	117
75	85
104	116
149	176
135	145
74	136
87	137
18	113
150	157
167	177
52	138
56	166
80	94
72	177
90	100
67	167
131	178
151	157
128	150
27	113
10	150
114	175
147	179
155	161
91	97
25	178
44	149
19	82
117	180
27	174
29	147
119	137
119	145
84	141
74	181
59	90
93	154
128	151
115	140
15	175
85	154
116	182
67	177
46	125
28	74
97	112
117	156
115	183
7	152
83	164
47	163
39	178
91	153
16	171
44	184
135	140
12	179
45	79
170	181
12	161
134	138
131	185
178	185
127	132
85	116
60	179
44	172
125	147
114	186
160	176
19	73
161	179
76	129
91	147
55	177
76	187
88	148
96	146
94	131
63	128
59	167
125	188
79	116
129	185
40	175
53	151
8	182
20	133
154	189
73	160
70	147
145	165
94	178
80	122
46	153
42	190
95	182
102	184
153	164
79	103
124	126
115	191
30	151
183	191
161	173
52	149
163	192
77	134
35	168
44	176
91	188
23	174
58	141
163	193
100	185
33	106
15	174
2	19
137	145
135	148
59	194
75	154
27	186
51	139
54	132
130	144
101	147
36	195
80	133
24	104
123	136
112	179
31	196
41	164
8	195
56	137
59	180
53	150
59	158
189	197
56	115
103	182
84	151
102	160
3	130
21	115
168	198
23	175
156	177
63	141
29	125
174	175
50	145
142	199
34	179
112	161
71	174
59	177
168	200
11	165
192	193
33	129
85	103
99	148
61	201
91	172
49	175
102	138
171	184
39	168
52	184
41	202
10	18
96	128
134	176
67	180
79	104
39	133
82	203
89	106
3	173
50	166
115	148
70	153
48	177
144	204
4	93
67	196
6	146
17	84
29	202
84	157
97	205
21	140
86	186
52	176
112	155
28	113
157	206
37	170
118	206
67	194
129	178
47	80
52	207
34	147
90	190
52	172
78	204
54	113
128	208
86	175
42	180
83	205
113	127
101	125
106	163
101	209
126	170
8	162
100	177
88	145
92	150
161	164
33	210
150	208
78	201
122	133
10	151
7	50
17	136
107	211
73	184
24	203
79	182
38	204
181	212
143	163
133	168
141	206
109	175
113	132
149	213
68	154
23	186
49	186
15	186
111	181
136	170
185	214
17	181
38	201
143	193
55	158
134	184
191	215
91	164
110	127
80	146
8	189
43	133
157	208
157	216
108	160
11	19
72	194
100	117
184	207
55	194
176	217
59	196
30	141
90	110
101	161
42	167
121	211
135	218
160	213
160	217
168	178
213	217
89	112
10	219
37	181
3	204
77	149
123	170
11	218
18	150
27	220
144	203
116	189
91	155
40	113
89	139
50	169
52	221
55	167
131	143
162	195
38	95
56	183
78	222
153	161
54	127
71	175
83	202
87	135
50	223
104	154
68	203
119	169
156	194
150	151
138	224
140	169
60	189
64	154
92	108
206	208
117	167
69	225
198	200
77	213
43	168
166	223
76	131
109	226
49	174
104	195
41	97
100	167
106	210
3	201
50	227
2	18
115	145
21	191
110	132
18	21
90	196
10	228
87	142
6	14
25	168
87	218
175	186
34	229
175	220
39	198
74	212
174	220
47	193
11	140
10	230
119	140
37	212
21	113
46	161
95	111
6	193
101	231
122	143
42	196
59	190
27	226
52	213
155	164
61	232
125	161
93	208
45	147
56	191
40	186
11	233
103	203
11	223
158	196
26	232
70	112
63	234
61	204
45	97
33	139
93	230
52	224
148	227
117	235
36	154
56	140
57	106
59	80
71	236
41	112
92	160
58	150
76	146
134	213
117	237
91	161
32	151
172	176
76	178
51	200
28	238
54	238
84	206
17	170
183	215
70	179
216	239
97	153
22	163
151	206
25	198
147	209
5	167
144	240
55	190
124	181
201	232
75	116
28	225
52	160
189	241
159	211
165	218
16	160
129	168
26	204
137	166
98	242
20	196
201	211
80	143
72	237
5	158
9	243
72	196
68	189
57	131
164	202
14	211
153	179
79	244
51	133
75	195
176	184
127	238
197	241
46	112
232	245
50	183
104	203
8	244
16	213
99	140
209	246
108	172
156	167
207	224
18	19
101	112
88	247
50	165
144	232
176	213
24	154
76	139
129	133
80	248
103	189
123	126
141	208
218	233
134	221
9	18
122	249
83	179
133	198
51	248
143	146
59	237
122	178
72	250
59	250
51	121
31	177
30	150
18	172
6	129
248	251
111	123
171	207
153	202
55	68
189	203
47	131
210	252
78	232
98	170
56	223
1	211
34	112
155	209
84	253
219	228
200	248
126	181
156	158
172	224
208	216
85	254
93	95
102	150
61	144
103	116
180	235
79	255
83	155
124	136
116	241
83	188
111	212
132	238
224	256
34	202
180	190
20	60
34	153
45	101
105	232
135	257
36	189
95	203
125	153
66	148
154	203
8	258
125	209
13	70
132	225
45	112
164	179
180	259
204	232
31	180
12	202
130	232
53	208
207	260
105	144
87	140
218	257
27	60
87	165
11	166
255	261
31	237
64	182
51	129
52	217
182	258
13	262
138	256
64	116
86	174
92	213
97	202
169	183
85	263
138	213
81	230
219	230
18	224
230	264
40	236
182	189
105	124
62	159
24	189
86	226
220	265
228	230
61	130
99	218
39	139
104	189
18	68
79	266
114	220
66	227
59	259
48	249
104	263
181	267
196	239
46	164
108	134
190	194
110	262
210	268
150	216
56	148
137	247
86	220
31	269
29	153
76	210
206	216
31	194
119	135
216	270
132	262
183	227
59	235
58	188
252	268
171	205
92	271
160	184
65	153
65	243
75	95
184	213
129	272
73	213
97	161
102	176
136	181
108	176
137	142
44	273
237	250
5	259
129	210
66	140
64	189
207	217
134	274
35	106
77	207
117	177
70	150
100	194
89	122
174	275
23	226
126	267
125	229
32	208
82	154
91	179
52	276
75	82
156	269
171	217
115	142
180	196
70	161
50	277
11	137
84	219
216	275
67	235
41	153
42	278
105	204
91	202
64	254
174	265
51	249
44	213
111	279
142	145
50	207
44	207
9	33
114	174
7	280
130	173
58	230
29	179
111	267
223	227
54	281
157	230
219	253
200	251
213	256
122	248
221	282
74	267
186	236
22	200
104	162
130	201
96	129
180	283
118	150
99	233
146	210
46	97
3	232
228	253
128	284
15	220
168	251
64	82
15	236
76	96
163	285
45	150
6	133
44	256
25	129
101	153
239	270
248	286
134	171
77	224
68	241
94	163
72	259
151	284
184	287
212	267
114	236
140	145
112	164
61	200
76	252
70	288
4	27
146	193
130	204
101	164
34	161
251	286
134	289
165	227
187	252
67	190
51	178
163	290
95	189
165	169
78	245
81	216
151	216
151	208
275	291
30	208
240	281
127	225
71	220
103	241
125	231
100	292
99	277
109	174
94	96
48	62
16	134
118	208
113	293
103	258
67	283
115	215
32	128
132	294
130	245
151	234
167	194
4	173
23	236
103	154
229	295
58	216
177	194
141	253
188	202
6	187
65	296
285	290
21	148
164	205
67	259
15	275
39	252
8	297
51	131
133	143
198	252
82	116
28	262
221	289
222	298
66	119
21	135
153	209
153	246
49	299
105	201
245	267
95	154
109	220
90	156
88	119
202	300
237	259
88	135
9	106
25	185
116	255
5	235
107	301
224	260
63	228
244	258
92	176
87	302
15	265
71	265
137	223
32	157
169	218
11	302
220	303
10	16
206	253
158	235
48	156
30	128
93	228
271	304
105	245
54	225
38	232
157	270
146	273
190	235
146	305
125	246
17	123
232	240
136	212
16	271
203	241
101	306
47	122
64	103
21	137
235	259
135	137
125	307
43	290
146	178
79	203
124	170
131	146
204	245
236	308
229	307
171	260
193	290
69	294
132	293
175	309
139	178
89	178
29	209
70	155
39	122
19	211
86	310
202	205
238	281
48	190
68	182
62	142
22	285
137	311
135	223
9	296
148	218
222	245
12	209
80	193
109	312
32	150
130	240
75	203
97	125
77	108
180	194
296	313
90	292
153	306
7	20
196	278
141	230
28	294
290	314
210	272
150	239
176	276
138	160
94	198
115	218
165	315
133	252
131	210
22	192
145	148
92	172
65	313
265	316
97	246
23	308
27	236
98	279
24	197
86	317
174	226
78	240
282	289
63	208
1	301
40	312
91	318
78	298
22	106
265	275
129	214
56	135
146	163
1	319
153	188
141	264
187	268
119	311
238	262
58	228
69	320
80	251
114	265
107	319
90	177
25	193
84	208
170	321
243	313
190	280
141	154
192	200
28	182
73	274
117	322
35	248
175	236
115	137
149	221
139	210
149	172
30	323
158	194
140	142
94	129
32	270
37	242
182	241
192	324
138	280
43	129
295	307
142	165
203	255
125	325
167	180
89	193
82	103
247	311
41	161
134	282
101	326
211	301
12	326
98	321
71	91
87	233
13	225
125	327
68	258
100	269
121	319
47	58
285	314
47	328
56	169
155	188
243	296
92	304
165	223
6	214
159	329
204	240
170	212
162	263
85	203
14	113
64	241
313	330
194	196
83	231
82	85
3	245
192	290
109	236
28	331
7	114
22	193
143	305
242	279
267	279
21	119
161	332
60	192
244	297
81	208
225	281
117	269
176	221
292	333
188	209
186	226
168	193
20	198
15	226
128	334
138	282
101	202
82	189
225	294
107	329
303	335
265	291
298	328
102	213
35	131
100	259
166	233
54	336
236	312
144	280
291	316
84	234
116	195
220	291
55	337
74	321
119	165
25	133
182	244
138	207
26	245
326	338
79	241
204	233
46	179
59	292
74	242
5	180
57	339
30	253
39	185
26	73
125	326
325	327
304	340
64	203
51	146
118	128
68	255
158	177
220	309
188	341
56	145
131	133
12	205
202	209
97	179
5	269
9	342
132	281
217	260
238	293
57	146
37	321
28	293
78	343
12	338
15	308
48	158
229	326
156	180
39	131
205	344
23	312
34	288
140	183
84	230
308	312
183	223
46	345
83	332
262	298
188	205
243	330
298	343
215	227
138	346
219	264
55	180
141	334
25	210
169	311
79	254
180	347
2	66
110	167
131	328
244	255
105	297
106	139
128	348
39	192
233	257
20	50
128	253
133	146
195	297
88	349
23	220
118	323
132	331
108	271
212	279
179	350
69	331
112	147
221	224
25	252
21	215
108	273
99	351
178	328
33	146
70	188
122	305
75	103
337	352
192	251
40	308
283	347
143	168
80	198
191	227
341	353
141	157
118	264
301	329
98	181
59	269
67	237
31	354
11	257
73	171
87	311
40	265
89	328
184	217
57	355
130	298
64	162
136	267
184	256
127	293
65	342
161	356
89	198
95	103
34	338
179	326
169	223
9	330
63	357
6	268
209	324
90	194
18	171
225	262
319	329
116	358
148	191
74	279
110	225
49	308
95	195
59	359
59	347
49	275
133	193
176	251
151	223
33	305
323	360
148	247
241	358
99	135
162	244
332	356
102	361
191	223
262	294
104	358
88	233
238	336
17	267
114	362
8	28
17	279
226	308
56	218
145	199
95	358
282	363
126	212
138	176
254	263
114	280
49	362
160	361
24	364
177	196
217	224
140	223
4	226
29	326
100	156
95	365
26	201
92	184
86	308
145	349
291	303
51	185
46	366
83	246
69	238
166	277
2	20
174	186
354	367
95	364
135	142
206	239
130	368
127	294
213	282
163	314
185	252
82	263
66	145
144	369
234	357
351	360
72	180
97	147
31	235
28	370
34	295
70	97
111	343
89	168
57	168
222	343
359	371
7	165
217	282
16	220
214	268
7	190
84	372
151	239
220	316
188	307
25	272
39	200
346	373
121	267
69	370
103	104
306	326
141	216
329	374
27	312
73	370
226	265
208	323
125	202
281	293
28	375
125	179
214	272
240	369
109	265
22	248
325	326
8	376
63	230
241	255
225	370
26	128
218	302
339	377
108	213
59	322
24	255
139	198
155	186
42	177
114	378
135	247
237	269
274	282
301	319
18	62
101	327
254	379
76	200
219	234
271	340
313	337
124	267
84	380
44	289
97	229
155	202
83	229
21	311
138	217
181	381
46	147
159	301
55	352
177	259
160	172
87	247
114	382
108	138
235	283
30	216
147	202
89	272
345	366
282	383
160	282
89	143
21	44
31	292
141	239
229	288
72	384
196	292
165	342
194	352
67	269
88	169
217	276
344	385
235	269
75	263
3	298
94	139
4	95
288	386
51	163
136	242
162	241
233	351
38	245
378	387
51	193
140	191
189	319
50	257
175	303
230	262
16	388
99	349
160	171
41	366
3	343
10	208
259	283
171	389
94	133
243	342
71	275
174	316
91	366
39	290
127	390
113	375
130	369
60	112
200	286
139	168
74	105
306	391
123	267
230	234
234	284
220	236
164	209
52	392
17	219
77	271
40	220
105	222
125	164
190	352
83	393
89	187
110	370
82	162
234	253
47	129
149	394
210	305
159	319
38	240
31	259
277	351
168	248
255	395
167	190
126	321
113	225
34	155
188	353
73	273
231	396
76	193
145	183
40	316
372	380
149	392
83	326
78	397
108	184
122	146
188	288
127	281
320	370
100	158
120	398
147	164
176	392
85	189
185	248
7	23
42	194
35	399
165	335
133	248
222	397
108	388
196	259
1	329
315	400
110	320
106	165
275	308
40	292
9	313
233	349
306	401
293	294
224	282
226	316
349	351
54	331
230	270
215	402
71	186
284	357
165	400
30	284
77	184
53	230
397	403
92	118
175	362
378	382
222	403
313	342
131	404
186	378
211	343
55	283
40	303
188	325
159	374
341	405
75	241
91	174
391	401
87	183
131	163
256	289
59	406
27	309
121	301
93	150
205	229
138	260
5	177
224	407
68	162
46	155
211	319
201	204
40	317
179	408
101	396
80	185
350	408
205	209
159	395
94	409
145	223
246	306
177	250
117	337
74	121
149	184
261	410
91	326
15	303
67	347
84	128
46	326
6	131
311	411
11	247
353	405
201	369
92	340
7	19
361	412
177	190
276	392
12	155
38	298
331	375
61	245
374	413
133	178
102	412
206	284
51	305
141	380
200	290
94	414
228	357
153	408
205	385
2	398
41	306
75	189
121	415
138	271
307	325
85	266
25	404
298	403
95	241
187	416
174	236
53	253
209	326
118	253
123	315
15	312
30	417
103	263
179	202
21	142
206	234
82	182
188	386
56	418
183	199
246	401
119	301
36	203
99	169
410	419
48	292
342	378
87	166
331	370
86	236
312	420
33	122
197	358
310	317
236	420
159	413
25	409
352	421
218	400
163	168
154	244
143	200
20	277
368	369
367	422
86	309
6	163
36	263
35	193
91	300
88	311
118	423
189	244
214	252
303	316
260	346
329	413
237	283
196	424
69	390
194	278
59	283
363	383
382	387
26	240
272	425
121	136
137	165
228	234
87	191
267	268
21	349
267	426
269	354
241	244
211	329
301	415
83	327
6	314
397	427
145	169
69	293
218	315
330	342
80	268
170	267
49	428
48	269
119	148
118	230
49	220
231	327
198	429
159	415
54	390
19	63
191	311
122	210
92	287
49	430
87	277
65	330
73	289
283	377
113	281
61	203
86	431
296	342
198	214
41	205
41	385
373	432
257	351
250	347
263	379
188	405
32	284
150	423
157	433
35	187
185	210
255	297
43	131
307	405
98	267
317	434
197	364
156	237
107	374
109	431
151	417
48	180
85	435
100	190
54	262
116	203
126	279
73	304
141	372
373	436
287	340
201	298
232	298
198	210
57	377
8	203
260	437
346	436
86	275
63	150
135	311
84	323
176	438
33	328
36	254
22	129
250	384
300	318
362	382
226	439
409	414
124	279
178	210
13	370
72	292
385	440
42	156
25	59
116	365
143	328
171	176
253	441
113	320
293	390
84	264
3	6
20	280
171	172
311	442
281	294
150	380
77	160
121	329
198	268
129	328
209	443
344	440
219	284
88	142
70	209
355	413
212	242
188	444
233	302
15	378
102	282
123	212
176	361
325	386
151	445
308	316
42	250
154	364
5	196
226	303
92	134
82	446
191	233
221	392
1	243
105	298
204	298
327	393
357	447
247	435
222	232
45	188
54	370
134	412
241	395
40	448
29	188
417	445
117	194
61	298
45	161
180	424
124	449
110	331
301	387
88	183
186	308
303	312
5	190
88	450
213	273
17	212
273	304
89	131
275	303
377	451
56	165
112	202
139	399
209	307
371	452
114	275
104	297
230	380
31	384
16	149
414	453
292	359
60	182
329	415
112	246
171	412
254	266
84	454
203	364
134	160
147	443
309	316
347	359
97	396
324	455
142	169
217	437
291	335
260	412
37	267
234	445
189	456
71	122
288	295
333	359
229	332
438	457
84	417
258	376
83	306
300	366
55	269
274	412
53	458
131	399
154	435
86	265
8	365
48	322
255	410
273	459
44	438
216	445
99	247
150	228
19	370
157	234
404	460
51	192
106	268
231	246
48	194
123	321
327	396
48	461
193	409
92	235
50	137
186	220
411	442
334	348
399	462
361	398
77	388
284	334
1	65
19	256
205	463
318	366
124	212
358	364
232	403
276	342
79	189
462	464
160	388
398	413
78	403
144	298
299	430
58	454
30	465
44	457
98	381
162	379
262	281
32	230
214	425
389	466
228	239
323	380
57	251
359	452
36	182
360	380
174	467
165	302
347	406
175	431
172	217
227	311
32	454
112	468
51	319
89	429
177	180
60	398
138	171
29	469
93	458
81	239
170	449
278	424
227	442
161	326
410	470
145	166
112	393
246	393
58	270
386	444
333	452
219	471
9	168
18	70
27	316
163	185
139	462
236	472
208	423
15	316
184	394
174	308
86	378
309	473
81	264
214	248
50	215
44	221
150	454
58	439
110	474
235	359
101	443
198	290
105	368
157	239
261	395
466	475
280	338
242	267
27	275
295	405
226	275
306	385
316	476
117	406
96	192
131	460
296	330
106	146
267	321
373	477
267	381
229	306
309	362
234	323
55	384
179	188
7	478
47	289
25	146
190	196
124	321
193	305
161	188
284	479
201	245
346	437
297	376
59	461
208	433
68	254
101	480
41	326
268	305
197	305
23	428
186	428
198	481
240	368
80	305
24	241
167	250
291	312
254	258
415	482
73	176
135	442
100	180
126	378
8	241
392	438
445	483
273	340
74	199
62	243
125	205
208	234
247	442
318	484
127	262
354	422
392	457
366	385
179	443
123	181
174	485
138	289
159	466
359	406
90	352
50	349
105	397
394	486
101	325
52	346
346	412
33	131
116	446
73	224
188	487
247	411
156	190
56	107
36	241
23	275
85	241
195	488
140	349
206	228
34	306
148	169
178	198
260	407
376	489
242	321
231	325
312	378
350	443
116	254
408	443
233	490
34	209
297	358
114	226
412	436
224	273
135	166
455	491
297	488
10	206
209	350
119	411
417	483
182	375
9	492
43	178
186	316
42	347
353	487
139	305
49	236
265	493
66	137
70	202
308	309
294	320
181	352
155	326
464	494
264	380
182	365
310	434
405	487
51	328
241	258
159	495
97	164
381	426
111	321
220	480
177	347
17	321
21	496
21	351
52	394
185	200
220	317
102	172
197	307
442	497
205	326
386	405
81	348
51	251
109	308
189	255
181	498
166	257
213	412
26	298
198	425
212	321
97	318
476	499
308	317
6	416
160	224
295	353
122	225
137	442
382	500
92	388
221	276
182	456
121	482
86	430
230	471
302	501
100	196
235	354
303	362
239	423
395	410
192	286
204	502
76	290
113	294
482	491
300	326
202	326
112	209
214	503
47	414
181	321
327	478
3	240
97	188
31	422
217	504
225	320
151	230
161	385
272	305
169	233
24	85
402	505
129	248
145	450
284	348
165	501
169	247
151	506
87	351
269	283
355	377
260	273
307	443
274	383
154	507
40	309
81	253
317	378
151	458
387	500
453	508
349	490
128	270
96	178
246	408
284	447
275	493
95	509
104	364
164	306
93	253
348	447
3	187
319	495
289	510
134	224
16	172
344	463
128	441
205	260
173	511
145	311
97	326
56	215
216	323
3	397
440	463
28	512
192	305
83	350
264	360
251	328
117	190
99	513
193	404
49	453
98	212
117	126
333	406
341	386
4	514
373	437
30	206
243	492
201	240
62	514
321	498
148	515
55	58
64	255
67	250
192	268
144	201
189	516
95	319
215	349
384	422
21	221
239	278
208	230
205	517
428	430
47	285
96	168
89	290
316	499
376	488
460	518
188	443
197	258
91	113
297	365
152	398
299	362
415	519
93	423
339	355
144	403
238	294
140	165
73	510
67	520
10	284
207	388
267	449
237	347
173	514
86	509
408	521
207	213
90	235
211	495
160	394
261	522
103	507
5	292
262	331
170	474
195	263
281	320
203	523
42	359
169	400
257	301
215	505
124	242
339	451
264	524
155	288
227	349
147	408
258	489
325	353
253	465
104	525
222	368
81	121
303	499
16	176
432	477
151	372
18	526
146	462
77	256
219	380
74	498
280	478
148	223
453	527
35	133
4	511
175	382
219	524
13	21
319	413
190	528
157	264
105	343
348	357
208	454
482	519
152	462
27	529
153	444
29	155
193	214
399	460
197	395
92	217
61	530
116	258
6	210
263	358
44	224
215	311
34	393
432	531
121	495
248	268
29	345
9	74
185	503
194	421
300	532
61	502
96	285
361	388
37	426
115	505
89	460
67	533
175	500
161	444
187	314
144	397
91	396
126	534
179	209
404	518
78	391
274	436
3	427
186	382
371	535
308	428
130	397
240	245
319	374
348	479
385	536
420	472
140	215
51	285
171	466
185	290
119	537
201	343
423	454
279	381
145	215
406	452
270	454
176	538
246	468
36	507
178	503
285	414
316	529
27	299
442	539
207	282
441	465
319	482
90	180
180	461
219	360
256	540
60	526
11	515
77	540
82	241
301	495
55	359
196	541
317	399
141	228
318	532
292	347
150	253
444	487
44	542
62	210
191	402
92	221
233	315
207	221
224	289
389	543
91	532
294	331
189	195
189	525
14	389
239	253
378	544
303	439
289	383
378	434
361	438
404	409
14	240
53	545
197	376
140	501
183	351
71	316
127	474
44	217
383	546
259	533
466	543
9	43
497	539
65	186
359	535
345	547
5	194
315	501
228	284
8	263
53	417
71	467
128	548
144	427
401	468
100	347
154	254
509	526
400	501
186	549
111	426
138	510
113	175
7	175
225	293
16	340
61	550
69	281
61	240
167	347
238	370
146	168
177	526
358	551
57	178
369	403
160	486
258	358
23	378
142	223
243	552
289	412
286	324
159	482
96	133
42	237
263	266
253	553
362	431
106	193
143	251
11	191
106	185
11	554
331	336
29	161
87	169
230	253
292	406
509	555
234	471
216	483
220	226
363	546
211	482
219	553
230	556
11	311
160	466
235	292
9	552
250	292
354	557
139	185
89	129
225	375
226	236
319	523
497	558
181	279
164	188
89	214
46	202
23	310
32	239
7	559
365	446
107	482
13	294
275	316
96	193
367	557
122	560
309	476
241	509
158	259
390	474
88	561
172	213
324	491
167	352
335	501
229	386
387	434
183	562
256	271
395	419
103	255
5	359
47	404
35	146
288	563
63	157
141	254
289	363
113	448
128	465
88	490
301	564
192	409
331	512
161	449
262	370
26	108
112	188
449	565
116	551
144	245
520	533
181	426
3	403
149	171
559	566
308	473
131	518
151	270
212	449
310	430
231	306
136	567
16	510
110	281
34	262
215	562
290	460
287	304
469	568
129	146
7	65
270	417
119	349
184	224
47	188
415	569
123	567
147	306
524	553
20	37
263	297
310	431
90	570
102	260
276	361
227	233
158	237
222	369
260	389
521	571
4	154
57	133
336	512
39	193
263	551
48	352
520	572
53	348
142	311
109	448
307	327
55	347
104	523
307	573
1	482
334	479
31	278
163	324
141	284
346	432
568	574
114	467
135	539
177	269
187	200
291	476
389	475
557	575
516	525
319	519
165	175
419	470
511	514
128	576
393	401
58	414
27	303
216	234
168	481
89	146
497	577
273	542
17	360
176	394
251	285
10	234
155	563
496	578
41	209
312	439
162	258
89	355
322	352
57	193
429	579
1	564
65	316
155	532
335	476
33	168
67	580
343	403
229	246
334	372
132	370
217	407
33	268
381	581
35	185
238	331
61	343
109	275
118	228
349	513
151	582
90	237
401	408
340	388
159	564
104	255
283	359
239	583
289	546
4	162
59	542
101	188
13	281
54	294
363	584
60	309
193	355
21	183
292	422
70	396
502	585
127	370
97	341
150	264
158	190
363	510
172	184
529	586
146	339
147	229
174	303
510	584
452	535
153	393
384	587
10	334
133	416
77	273
260	361
141	483
54	320
396	588
276	394
195	446
325	443
212	567
288	405
27	586
92	589
38	222
129	193
15	467
40	378
27	281
293	331
382	590
67	570
29	295
157	483
61	585
237	359
301	374
406	591
533	572
326	345
424	541
111	310
205	325
129	592
253	372
50	247
141	479
417	506
89	210
225	238
130	593
94	248
6	168
425	503
120	122
322	421
406	594
224	361
191	351
299	431
240	298
69	262
323	454
374	595
45	353
121	374
462	494
19	121
203	395
545	596
13	238
426	581
354	384
261	419
38	343
23	316
103	597
255	263
84	228
145	539
163	200
47	133
299	310
397	598
110	375
18	343
132	512
311	450
66	233
125	300
285	599
104	261
55	424
58	206
230	441
139	248
322	359
273	600
199	450
558	577
63	253
450	539
87	223
295	341
585	601
308	418
106	315
33	355
125	396
196	237
305	602
241	555
360	553
206	334
32	253
116	263
306	393
187	603
340	589
66	315
292	541
373	412
206	219
194	237
136	604
63	239
58	253
153	532
475	543
32	206
234	605
358	555
310	387
168	185
478	559
109	316
530	550
82	606
366	547
256	288
213	459
156	292
107	595
537	607
295	386
314	414
233	513
54	293
46	209
109	428
412	608
93	128
112	338
42	259
342	492
220	485
149	273
521	609
413	495
438	542
296	552
425	429
308	467
43	146
601	610
272	328
143	192
230	417
81	447
32	479
68	292
227	611
259	269
104	241
5	347
459	600
318	396
132	336
550	612
15	439
248	285
270	582
9	211
267	565
135	515
369	613
137	277
327	573
301	482
309	317
203	244
314	324
452	614
263	446
69	474
567	604
231	386
66	215
108	217
399	615
388	486
226	485
13	331
171	543
95	555
113	331
277	616
83	325
92	459
11	537
99	311
548	576
87	418
608	617
68	197
476	529
213	394
74	92
175	308
262	336
395	618
238	512
81	483
158	180
436	437
441	576
57	252
597	619
342	451
92	437
93	433
293	370
66	311
287	589
255	620
96	185
441	548
108	289
352	461
303	476
374	564
550	621
219	270
536	572
515	537
102	224
75	516
291	499
266	622
191	349
399	494
21	176
256	346
29	444
74	534
72	623
77	176
86	428
333	371
420	439
37	581
255	507
616	624
177	384
50	562
221	363
184	282
250	283
418	625
306	536
280	559
17	381
272	409
267	604
142	442
328	626
39	251
178	251
155	487
162	489
280	457
582	627
452	594
50	311
232	343
222	598
471	524
146	197
50	628
360	524
259	406
79	523
69	512
530	612
164	332
72	629
89	603
92	260
492	552
90	259
134	172
351	616
37	630
95	446
222	240
240	427
21	165
286	526
129	143
449	631
158	347
385	547
5	424
403	427
471	556
379	489
600	632
76	133
230	284
273	282
168	252
380	441
191	418
356	633
219	357
367	575
140	166
404	414
191	505
273	438
57	634
263	606
40	226
260	282
381	449
149	260
63	583
551	635
469	574
9	14
29	480
148	257
247	400
58	424
617	636
539	577
176	389
551	555
432	437
546	584
360	441
23	637
463	517
428	473
106	462
25	462
91	150
379	606
300	638
203	507
459	632
215	611
196	528
30	228
227	562
336	639
168	399
97	306
29	568
555	635
226	499
425	481
151	640
51	602
519	569
277	442
182	197
12	164
205	246
435	641
163	491
581	630
111	308
58	156
41	463
361	511
598	642
123	242
388	437
125	443
320	474
427	598
102	217
90	643
2	309
202	487
521	538
49	472
456	516
251	644
12	325
205	345
215	496
41	480
478	566
91	325
60	645
109	186
623	629
120	645
280	566
585	610
476	586
74	646
391	408
346	388
7	566
394	459
62	511
30	239
201	647
63	423
3	647
358	525
106	252
405	444
332	616
427	648
109	378
108	542
47	324
56	625
210	462
272	503
141	649
166	349
60	91
170	381
220	275
302	515
50	442
383	650
54	375
368	403
294	370
236	303
137	625
88	513
171	651
287	388
167	259
118	284
334	447
223	349
350	391
561	652
88	165
95	258
331	639
240	648
314	455
294	512
173	653
350	401
319	564
16	438
261	507
66	120
449	546
485	654
170	279
243	319
298	427
374	591
277	497
591	594
279	655
14	167
270	556
355	460
138	149
511	653
89	185
615	656
282	388
565	631
566	630
213	260
151	545
67	572
479	657
439	485
297	401
253	380
334	380
119	223
122	193
593	658
382	544
570	572
490	513
26	93
115	311
275	299
332	659
280	496
206	447
233	616
380	524
273	412
458	506
620	660
276	363
391	393
34	401
301	595
315	616
192	661
254	622
220	476
121	569
415	495
20	146
409	518
200	662
281	370
16	217
33	185
321	565
215	223
212	655
594	663
6	178
317	431
404	529
114	308
197	297
499	664
429	481
68	352
108	260
29	574
418	505
88	496
387	665
265	378
115	223
80	168
181	449
213	538
12	188
436	666
124	655
40	439
154	241
241	419
431	500
121	564
377	667
244	376
447	479
114	637
213	632
2	645
241	263
408	668
303	378
339	667
79	507
386	487
384	557
258	365
505	669
430	431
52	632
68	379
290	328
172	260
64	263
195	670
372	506
23	485
238	375
174	420
232	598
250	587
455	671
45	226
311	611
338	345
117	196
369	397
534	672
122	634
66	561
432	526
208	640
4	653
104	258
400	673
105	593
502	610
80	129
315	513
160	540
113	370
352	674
47	160
608	636
274	373
408	571
316	473
188	408
190	675
102	392
143	286
313	492
323	334
528	675
227	247
603	676
121	519
304	412
34	164
32	323
218	351
304	600
599	677
236	275
16	543
502	601
334	483
304	361
296	492
663	678
356	659
171	213
319	602
412	636
143	198
35	210
232	679
295	568
260	475
450	577
126	672
131	491
374	482
458	680
61	610
368	593
117	675
73	217
508	527
556	582
596	681
224	466
72	95
53	596
97	300
325	345
258	682
118	216
142	218
368	613
247	281
490	496
95	162
395	683
496	561
156	533
137	169
18	20
339	462
528	684
36	370
53	206
237	292
220	378
128	649
543	685
64	358
238	320
47	104
158	359
110	238
104	376
561	686
73	394
119	490
55	351
473	529
86	316
100	250
270	687
49	316
99	191
99	165
388	432
145	302
6	185
57	688
254	435
373	666
412	617
633	659
185	592
381	480
513	689
12	300
150	230
62	653
304	394
324	671
163	690
507	522
314	599
165	513
499	529
102	388
396	443
638	691
355	462
53	334
451	667
411	611
71	226
210	692
345	353
242	604
286	661
216	605
111	242
514	653
226	693
442	611
374	415
219	239
69	70
87	539
267	631
231	694
220	308
51	165
273	363
250	406
278	384
567	655
575	695
47	185
313	552
392	663
94	560
119	561
93	582
149	696
539	558
434	665
556	627
339	464
69	375
100	384
405	697
77	282
445	506
287	600
65	552
73	282
61	403
33	698
198	399
364	555
3	56
30	230
95	376
123	279
101	699
35	129
490	561
325	573
347	384
8	255
301	569
98	700
244	379
160	346
374	495
589	653
97	231
386	701
325	405
505	625
392	632
302	537
369	647
155	469
408	702
33	192
136	381
138	388
71	308
139	143
390	541
18	703
545	640
571	668
144	613
103	522
124	567
247	704
314	677
152	645
170	242
675	684
268	705
177	283
6	192
21	223
381	700
277	562
227	400
224	706
300	691
107	413
91	275
48	347
395	620
218	227
400	707
125	344
158	292
455	599
194	424
139	193
244	435
509	708
95	308
594	678
38	598
85	182
44	160
442	562
548	709
126	242
316	693
323	479
422	557
355	667
90	421
170	710
77	221
455	677
184	696
283	337
225	350
6	339
555	711
230	506
72	421
148	311
237	580
452	663
78	280
139	712
194	259
314	404
594	614
207	504
302	539
34	480
161	713
91	209
294	375
188	385
28	281
32	445
384	575
693	714
515	539
62	218
526	703
299	428
526	536
192	248
406	715
92	438
58	417
203	266
341	701
604	655
264	323
71	716
1	374
319	415
325	408
195	555
117	347
76	168
639	717
143	626
487	563
420	467
571	609
293	320
398	645
659	718
391	536
206	553
336	717
179	713
174	378
566	719
195	254
195	711
308	378
108	392
465	548
298	550
179	720
214	314
72	283
362	672
474	720
26	211
224	457
464	721
20	201
245	343
520	570
387	430
21	108
167	237
695	722
368	598
13	320
210	248
436	477
278	354
314	723
321	655
559	719
82	258
235	452
358	682
372	524
240	724
652	686
330	552
510	546
57	667
156	196
371	663
384	725
123	604
139	249
201	550
82	297
251	252
51	268
609	726
175	430
314	491
506	524
136	565
217	256
195	516
58	727
140	227
618	620
414	527
216	253
550	585
108	224
88	728
107	415
118	479
98	604
419	620
355	399
69	639
634	729
39	698
389	438
345	573
100	237
276	304
251	481
266	730
52	256
138	543
129	139
272	481
323	465
209	517
82	731
507	620
144	598
280	719
186	291
285	453
125	732
110	294
68	507
299	473
305	328
75	358
314	733
231	653
175	316
354	424
13	336
70	732
182	395
296	734
392	394
158	533
199	539
10	380
454	479
274	289
304	735
516	639
670	711
170	498
117	283
245	403
137	227
95	736
3	222
596	640
478	719
84	465
47	146
145	227
448	737
385	443
32	219
77	706
294	390
366	484
196	564
92	738
336	375
271	287
170	534
449	534
391	468
184	260
148	739
419	507
278	587
233	515
217	383
465	553
209	740
144	642
178	314
253	417
162	254
70	526
351	402
539	741
274	510
127	331
32	264
266	606
257	645
389	457
146	742
175	378
159	294
618	683
287	735
399	518
51	290
610	743
225	331
202	306
76	712
289	584
18	239
106	178
147	744
494	615
364	376
205	408
88	686
560	634
37	315
151	745
267	655
401	443
40	431
526	560
591	678
102	289
437	746
325	401
161	568
309	312
312	362
149	438
36	525
22	747
361	475
316	472
231	443
246	288
454	727
32	380
670	748
140	218
358	488
450	515
112	487
193	210
363	600
299	749
552	734
269	557
316	716
532	638
677	723
526	592
716	750
245	298
163	268
102	632
673	707
257	302
248	712
83	751
457	543
230	357
101	179
236	378
73	438
341	444
307	752
264	372
446	516
491	677
342	343
122	185
312	382
196	753
102	149
344	547
598	679
106	409
188	697
350	668
558	754
242	381
450	686
404	462
225	512
192	198
154	258
1	755
73	221
64	258
2	264
378	493
215	418
187	705
456	756
470	566
166	351
491	690
91	345
41	188
169	191
56	757
63	334
77	542
668	702
107	564
229	231
422	575
123	758
187	404
279	700
103	358
362	473
302	351
445	640
751	759
130	222
377	703
342	734
512	639
570	580
162	622
65	760
181	242
189	376
130	502
606	730
218	442
182	263
249	761
208	548
154	597
236	586
212	381
493	544
579	762
547	573
365	736
449	567
360	548
471	506
500	763
147	188
130	343
141	458
138	437
75	308
365	489
207	764
28	390
263	489
521	668
265	310
143	290
355	765
200	410
149	217
217	389
13	159
47	168
180	269
250	766
387	428
348	465
337	675
209	306
214	285
92	767
472	476
29	732
215	277
58	157
86	473
131	698
198	768
387	431
470	620
433	458
161	659
312	485
146	769
143	210
291	473
216	219
141	445
113	142
54	73
495	770
514	720
279	321
142	183
633	718
147	702
235	643
264	771
265	499
117	533
74	134
236	316
333	663
642	679
416	772
23	303
443	752
66	496
269	359
151	627
450	496
464	773
159	755
147	344
97	345
241	266
327	588
234	334
425	774
247	418
46	205
44	731
359	663
19	413
305	324
531	775
297	364
321	672
292	528
330	734
464	615
259	520
387	776
177	292
154	263
125	694
80	560
225	248
115	227
231	777
362	485
359	678
383	436
591	614
585	743
259	347
173	778
368	427
295	393
485	637
373	636
432	436
29	713
306	779
370	512
194	461
33	143
171	282
370	390
306	366
122	780
326	396
459	542
334	454
139	324
306	386
313	734
216	781
671	677
336	397
114	303
33	285
301	568
317	387
424	782
196	235
154	619
37	381
348	372
223	311
612	783
33	252
37	655
407	706
272	414
209	784
261	620
65	439
172	366
394	438
83	532
143	178
747	785
203	263
323	727
290	355
53	264
276	546
410	683
448	786
402	616
385	502
164	480
268	314
226	317
113	236
57	787
615	721
295	332
513	662
575	587
151	556
332	353
149	788
362	428
316	750
197	263
201	613
506	680
146	690
247	789
366	386
28	336
382	485
342	552
66	169
358	790
68	235
212	630
18	413
259	461
442	515
302	418
158	791
614	678
255	266
6	198
68	731
36	255
275	378
419	792
420	485
450	497
14	204
614	663
290	462
5	406
5	793
31	190
335	439
284	465
499	693
375	390
183	794
63	348
269	572
44	589
108	171
406	533
433	548
272	795
24	182
146	404
229	573
183	302
577	686
346	477
53	796
64	197
157	219
255	365
421	674
498	646
128	745
372	797
475	685
182	255
22	210
65	205
37	279
266	364
233	798
524	771
509	736
166	490
178	626
201	724
408	517
90	799
415	466
107	519
129	290
146	474
111	700
102	540
21	800
532	691
575	722
336	577
346	617
369	593
70	307
193	801
19	74
591	663
441	649
444	532
114	420
190	237
176	802
257	349
80	192
501	707
28	474
114	316
186	803
242	700
413	415
514	778
208	254
17	426
303	310
330	804
518	698
201	427
67	349
244	410
1	415
113	317
276	805
20	113
332	341
317	544
116	619
338	547
356	713
716	806
236	335
36	258
328	355
65	734
112	385
240	403
233	807
386	697
110	639
361	457
262	474
63	458
492	734
275	808
277	418
92	394
184	289
56	227
318	691
182	203
270	809
148	165
500	590
333	614
79	263
28	320
352	384
18	810
194	269
445	605
192	644
139	747
423	640
313	804
312	811
101	350
99	689
80	131
473	499
208	253
560	592
617	812
502	550
738	767
258	364
510	543
91	484
681	813
457	466
105	240
74	449
8	266
258	622
800	814
734	804
484	691
298	613
389	437
63	216
457	589
577	815
581	633
497	515
23	467
526	810
189	263
471	680
173	816
515	577
352	424
362	472
357	583
308	811
569	595
700	817
349	442
339	634
387	485
122	272
653	816
321	426
688	818
350	699
338	344
234	372
627	745
46	93
322	347
90	819
417	465
711	748
177	237
248	324
41	502
539	754
775	820
310	500
80	210
23	265
165	686
174	808
103	821
470	683
121	755
389	802
496	686
105	403
11	822
495	564
143	185
220	388
64	525
309	529
654	823
737	786
6	503
554	822
350	566
318	345
39	187
615	824
254	255
471	553
211	374
190	553
215	669
383	432
410	825
211	415
393	480
677	690
364	491
187	772
109	786
276	826
180	528
369	658
125	720
81	219
220	544
255	660
774	827
297	507
454	687
81	270
191	218
432	636
140	822
213	828
91	393
247	673
20	172
88	537
68	244
796	829
42	421
111	381
375	474
256	273
147	751
534	830
220	808
162	297
68	261
10	433
740	784
656	824
755	831
275	693
258	292
82	255
224	739
78	368
223	794
183	832
128	230
310	439
315	707
204	222
446	670
22	785
787	833
408	487
298	369
26	810
587	766
225	474
183	505
662	834
185	193
53	219
12	366
361	685
540	706
124	381
221	835
438	538
76	143
91	401
187	518
22	168
428	499
786	836
216	471
173	659
223	257
288	443
394	538
311	562
550	837
132	320
146	185
439	693
214	554
321	449
248	838
242	498
5	715
324	326
360	372
426	672
788	799
628	839
385	697
599	723
209	345
509	551
10	840
439	637
213	392
170	567
326	385
741	754
156	359
170	841
39	785
634	780
209	408
146	451
309	544
312	499
756	842
557	695
540	632
20	93
328	369
411	704
123	630
483	843
703	810
202	444
290	518
535	594
653	778
11	807
246	844
30	556
105	550
83	401
455	690
179	444
83	844
197	845
36	261
194	572
672	830
222	724
546	805
259	292
204	846
391	521
432	650
426	830
163	399
333	591
273	847
571	702
339	494
218	360
230	423
27	243
176	696
50	848
412	600
516	670
311	349
356	568
57	818
429	768
713	849
245	550
304	363
549	803
618	660
640	850
337	461
61	369
269	406
38	167
29	356
599	690
485	851
429	460
429	774
335	529
288	487
337	674
545	796
318	852
35	178
316	485
92	149
83	209
11	539
2	439
773	853
247	707
299	500
306	487
611	669
266	376
258	419
93	854
134	706
393	487
156	422
276	835
9	734
242	630
637	855
337	684
191	554
147	295
71	343
93	441
290	677
511	856
22	185
438	589
46	306
43	787
430	434
112	306
402	857
545	850
316	549
102	475
178	462
343	810
230	576
722	858
204	403
68	456
596	813
136	321
283	580
25	429
540	859
475	802
46	386
48	422
97	338
36	512
38	502
386	860
383	477
148	513
127	320
157	284
339	416
286	662
173	861
438	475
632	706
683	825
132	375
430	665
688	787
705	862
121	129
304	437
445	745
616	707
293	336
737	836
288	863
377	765
100	766
53	681
482	719
113	544
105	642
631	864
704	707
370	375
150	219
431	763
550	613
246	396
69	865
53	680
34	744
496	800
224	475
415	595
153	326
314	866
241	376
402	707
262	320
604	631
366	779
362	420
461	867
472	750
52	274
247	257
75	162
44	260
149	346
226	868
288	353
515	754
615	773
402	624
10	640
389	432
401	869
568	713
245	642
402	496
68	266
203	730
439	499
571	870
395	792
64	195
40	803
505	562
513	707
456	842
770	871
506	640
625	757
346	788
438	749
682	790
43	785
358	872
37	841
93	206
492	804
45	68
630	758
502	598
321	873
149	287
20	175
404	866
330	492
392	543
113	336
418	874
601	743
28	639
471	605
185	602
636	812
229	249
452	875
94	511
118	239
288	385
332	444
43	120
201	403
1	876
696	802
433	840
370	474
207	247
328	377
792	877
189	365
126	381
705	772
826	835
6	560
753	878
75	731
25	785
93	640
228	380
396	401
118	372
545	879
581	711
383	510
233	496
198	692
687	727
31	359
696	880
5	580
291	549
98	426
56	686
514	546
458	582
365	881
812	819
440	697
218	223
31	424
681	796
151	882
107	688
3	679
687	809
220	428
44	546
264	270
445	883
332	487
284	380
33	690
294	639
55	237
149	477
490	884
37	710
673	704
309	472
216	313
728	885
7	719
133	139
252	818
235	347
624	857
480	568
693	886
149	767
18	162
257	794
544	882
366	471
32	154
109	887
357	524
704	789
215	442
418	673
231	318
805	835
480	888
420	654
193	690
190	359
307	740
688	833
391	699
174	889
443	702
204	642
433	709
95	255
53	441
511	816
733	890
603	772
14	248
165	191
20	150
501	513
545	681
144	891
82	365
127	375
541	753
448	836
246	443
445	627
138	892
447	657
219	447
605	745
131	414
4	856
281	336
9	893
98	631
518	615
275	467
558	741
23	291
521	726
477	894
81	781
281	331
487	779
20	429
197	266
17	758
512	895
9	760
184	273
525	670
767	788
255	258
245	369
385	896
356	574
302	741
729	780
599	671
596	796
150	897
175	291
295	401
14	370
304	389
97	209
54	898
504	764
443	536
498	604
91	852
511	778
491	698
356	899
367	722
309	430
77	260
251	626
122	192
266	395
570	900
431	485
354	572
406	663
100	406
75	258
106	133
572	901
208	219
241	821
248	662
189	842
225	336
368	724
797	902
510	892
541	878
226	378
42	235
142	539
317	493
657	903
41	179
370	865
81	206
190	465
511	861
664	904
378	586
420	823
364	446
608	812
712	747
306	905
299	387
432	546
661	662
446	456
383	889
211	413
640	906
224	340
262	467
335	420
100	793
178	248
44	412
64	907
584	805
322	452
186	430
423	548
285	324
412	432
334	908
357	553
356	469
596	906
233	450
339	729
429	827
475	909
144	343
275	430
68	263
346	894
136	630
421	910
255	731
254	507
201	222
251	503
241	516
278	575
831	911
162	189
94	160
141	897
428	887
451	742
109	836
545	912
286	834
239	380
469	713
6	355
492	767
254	641
309	913
383	600
519	595
322	461
388	438
283	406
15	808
389	914
159	770
366	440
751	844
259	452
413	564
305	355
196	915
395	877
47	314
12	563
477	767
154	255
157	348
5	916
418	616
100	799
701	860
256	457
153	332
289	617
442	917
653	664
498	631
56	822
424	427
201	648
22	918
481	503
100	725
537	554
421	629
466	685
856	861
291	919
35	409
443	732
150	284
569	755
390	512
60	473
850	920
103	376
201	610
422	533
473	913
20	413
415	770
495	921
443	740
257	513
46	385
33	286
558	653
466	914
405	922
385	386
768	774
505	624
48	259
352	528
201	593
269	923
80	328
435	597
358	703
411	537
629	910
845	924
177	406
36	670
20	267
159	569
462	729
250	452
180	925
8	512
31	520
498	630
200	314
569	770
297	555
711	926
260	419
207	632
103	523
14	74
605	653
229	863
925	927
265	337
166	442
197	924
431	665
164	326
173	928
372	902
259	663
43	248
249	634
587	722
325	860
682	929
122	491
62	778
272	603
295	573
130	403
101	566
925	930
112	205
400	616
429	762
67	452
354	587
793	916
165	931
351	689
396	691
418	496
167	359
14	36
148	215
161	932
103	365
383	894
9	804
564	569
325	521
439	823
657	933
778	816
403	585
82	821
488	872
287	437
680	681
605	934
242	672
20	197
250	722
337	528
376	507
248	252
163	935
323	657
4	928
636	650
242	460
634	761
358	489
558	936
254	907
499	904
443	784
59	629
183	442
374	755
907	937
745	883
18	161
127	639
285	518
268	355
103	254
321	938
73	383
867	893
256	274
116	144
150	632
371	678
862	939
60	547
22	560
204	343
112	502
816	928
416	494
340	940
647	648
187	290
173	856
409	527
135	191
506	882
233	941
674	675
262	293
616	798
215	233
219	483
245	427
319	942
229	487
479	502
264	576
271	940
215	302
262	375
516	943
30	447
709	840
143	248
261	877
544	586
67	406
172	944
805	826
240	343
357	471
552	760
15	868
186	303
8	945
301	413
209	353
384	793
557	587
471	681
36	660
406	946
163	747
242	817
281	898
698	785
88	223
380	445
348	947
161	396
402	501
81	854
605	681
802	880
111	672
95	948
119	442
640	920
409	615
92	432
53	813
280	630
756	949
50	591
270	334
365	945
65	411
490	707
804	865
399	950
232	642
322	371
312	654
126	426
365	821
37	449
798	951
42	292
45	401
126	604
66	135
13	293
63	454
330	952
391	905
313	760
106	592
415	921
549	750
52	383
676	953
3	214
55	623
218	689
211	564
551	682
178	193
590	954
12	502
213	608
274	432
43	193
269	384
293	955
321	567
243	952
142	215
24	297
522	597
82	551
866	956
96	272
240	642
373	383
714	886
291	428
36	376
88	957
176	260
742	769
178	290
174	362
160	944
362	387
815	958
423	545
103	266
522	821
228	270
105	369
220	312
144	959
300	345
748	926
35	667
228	334
130	724
599	960
24	263
594	875
149	600
491	671
310	428
148	539
154	961
311	497
200	328
167	269
415	871
132	955
223	442
219	962
458	681
372	897
181	655
248	425
413	519
48	452
491	963
562	625
187	866
472	823
128	219
171	828
548	840
954	964
32	687
196	250
654	851
418	707
762	774
394	477
166	965
267	305
193	268
506	902
179	306
148	233
212	426
122	966
697	701
881	945
423	556
314	690
407	504
782	967
84	284
411	539
40	342
285	355
600	847
57	409
68	968
583	834
644	661
94	210
51	355
58	239
362	434
20	969
496	539
516	756
156	675
225	717
219	262
345	691
31	970
135	215
372	553
17	700
504	706
84	441
591	595
716	971
569	831
319	569
132	219
188	568
282	950
568	849
560	972
173	605
442	754
189	446
423	465
275	887
376	395
514	973
77	892
45	341
96	200
41	338
100	675
13	865
195	974
927	930
337	867
256	437
609	668
706	764
857	975
329	495
108	221
324	599
234	264
159	871
176	546
432	976
261	525
296	760
297	391
796	850
456	731
443	977
119	215
183	917
128	264
76	866
77	392
56	63
199	978
91	350
677	963
903	933
54	865
95	516
170	700
175	979
492	676
296	804
141	797
353	568
421	572
929	980
74	700
216	299
73	260
32	796
759	844
26	343
571	981
204	397
314	462
762	768
244	266
521	702
192	982
4	816
672	700
768	827
259	591
451	690
244	419
385	983
275	345
891	959
81	262
204	949
91	463
288	860
237	984
53	216
74	381
239	605
357	441
428	485
173	985
608	650
243	734
180	354
85	731
423	850
887	986
444	701
315	351
541	782
425	827
302	315
317	776
96	987
473	811
47	143
295	487
15	499
684	867
450	988
127	512
339	399
337	424
152	515
52	477
302	577
373	989
399	491
273	383
39	129
272	324
351	857
57	966
892	990
58	343
8	197
561	578
498	672
322	533
84	796
123	991
327	694
4	778
299	467
136	498
403	642
382	431
743	992
576	604
232	328
211	369
896	983
125	784
334	843
68	993
447	553
342	804
29	888
62	928
294	955
112	396
623	994
217	273
567	630
164	408
338	502
277	332
370	541
527	995
412	531
508	995
87	515
246	325
397	642
174	887
285	996
170	655
453	995
257	374
70	463
48	675
329	482
270	997
21	227
110	512
553	902
402	975
426	655
217	746
550	998
239	882
231	905
137	233
292	354
689	857
55	343
59	999
476	808
7	196
164	385
520	900
600	617
566	636
156	1000
156	421
270	483
359	614
67	915
156	259
344	702
27	466
256	859
564	595
619	961
710	841
766	799
63	219
702	726
144	550
466	510
31	461
823	851
159	595
356	849
522	523
584	826
237	663
277	558
185	292
449	864
274	466
228	479
440	517
207	383
778	928
350	521
466	828
257	789
174	291
16	437
523	597
159	942
435	907
207	289
263	555
560	780
35	163
784	977
352	799
663	715
202	325
447	947
561	707
354	766
536	697
645	915
119	218
93	479
367	533
150	583
257	402
136	279
199	227
580	916
14	159
496	515
24	195
39	143
192	210
63	206
221	256
76	248
135	450
372	947
695	787
196	580
579	827
465	745
447	471
388	546
266	845
343	585
208	627
294	895
556	640
303	309
662	829
680	813
253	612
517	784
273	388
557	766
9	952
548	556
225	390
566	963
159	519
728	957
341	645
63	649
285	425
201	397
8	358
275	714
114	786
131	785
574	659
87	442
569	942
94	324
300	353
30	369
144	679
400	931
625	673
4	985
121	876
59	799
223	302
183	741
406	445
239	897
69	336
758	991
420	889
54	512
419	555
622	907
