34 50 2 42
2
53 126
61 150 13
15 38 151
164 66 3
2
40 91
3 153 2
2
41 64
171 48
117
23
67
89 170 2 68
191 2 39
168 67
1
2 69 154 122 119
79 12 65
56
153 125 198 7
19 11 2 172
2 14 26 121 189 110 167 23 61
11 140 6 91 9 84 31 2 73 185 3 139 17
192 51 33 163 195 14 144 168 147 86 2 1 89
14 2 126 1 71 77 11 9 4 24 48
184 2 27 47 14 24 13 3 136 12 183 84 160 172 9 1 147 21 6 115 40 10 187 103 65 59 56 169 124 88 38 8 104 42 131 97 161 101 94 34 4 190 109 17 158 50 78 19 45 143 154 152 37 102 26 36 106 30 111 70 31 93 5 125 67 186 55 32 133 71 139 174 146 196 90 54 53 22 98 99 173 166 35 68 33 41 107 132 198 16
13 19 27 117 28 3 179 1 44 87 2 14 127 195 159 155 4 119 102 15 126 36 6
61 189 1 75 20 7 95 190 69 24 9 23 82 2 188 183 40 21 156
124 23 138
2 28 40 3
1 47 34 176
55 9 87 142 36 62 2
2 81 52 1 28 133 5
189 67 192 14
18 3 1 2 175 65
24 28 2 25
80 20 16 40 2 26 44 85 12 45 1
33 176 185 2 8 1 99 28 4 168 51
143 2 200 29 6
191 2 10 130 12 60 114
26 23 85 2 11 71 111 5 186
32 2 37 109 10 4 1
5 99 108 25 2 61 23 7 104 183 189
4 41 187 8 2 39 193
1 128 38
39 116
80 71 34 2
2 7 9 6
12 169 106 132
107 61
142 31 24 133 2
1 11 24 98 2
81 31 2 162 17 177
2
54 111
37 2 27 105 59 11 25
21 3 34
42 158 2 39 70 109 3 63
6 118 34 14 17 136
56 115 41
15 147 114 2
25 31 4 14
54
2 29 1 14
7 26 2
16 146 185 22 79
101
119 3 16 68
5
24 11 82
7 125 2
13 2 11
63 12 2 26 192
14 36
153 2
