7 61
173 24
143 133
4 24
1 107
41 59
6 195
166 158
183 99
103 187
26 27
25 183
10 187
190 98
125 53
2 12
154 133
23 186
1 54
190 21
2 99
2 81
88 50
6 3
40 111
186 6
1 81
136 14
115 55
102 78
189 26
31 103
41 198
36 87
173 55
101 42
27 6
6 17
102 190
22 183
13 132
187 6
40 156
108 2
13 59
56 183
59 104
187 24
155 195
1 45
133 81
111 5
6 28
84 71
59 14
188 190
173 98
88 104
40 184
36 59
189 2
198 143
31 97
99 6
111 94
189 69
168 163
53 97
147 174
90 42
97 27
127 36
9 62
27 93
55 22
186 14
117 6
99 166
12 139
50 183
27 36
65 1
167 2
133 131
21 184
97 35
53 34
133 9
139 31
22 125
13 4
40 97
67 187
115 50
93 30
51 163
54 115
14 121
173 32
71 59
14 127
3 147
169 6
189 5
26 14
6 115
17 97
4 8
81 2
67 78
154 169
79 16
118 34
65 22
59 32
23 2
198 78
168 147
146 34
24 14
1 20
125 45
1 119
23 1
104 50
133 104
93 70
172 173
27 9
173 54
22 88
80 44
115 158
26 42
21 161
103 97
131 47
139 22
14 24
4 97
59 56
24 48
2 7
147 89
103 12
89 168
98 154
71 115
2 159
12 191
17 6
186 143
37 13
55 142
41 187
155 14
154 71
32 99
131 21
103 183
50 30
107 146
33 50
30 99
124 146
19 27
24 98
1 68
133 184
136 98
56 125
37 41
36 179
82 21
2 86
1 168
119 126
155 36
2 28
103 84
2 143
13 155
107 54
158 31
131 107
127 179
40 36
17 184
87 4
50 24
21 7
14 53
115 16
155 13
24 88
45 115
59 9
85 71
12 9
88 125
8 3
1 3
179 195
133 65
16 40
139 98
4 126
26 85
169 14
40 50
14 41
99 4
94 131
78 68
131 31
40 189
133 4
119 3
130 114
35 16
98 38
97 125
48 9
111 9
13 84
143 56
32 94
88 103
12 40
6 118
99 169
152 1
139 9
45 16
39 70
32 190
24 17
41 30
6 119
115 111
28 133
188 7
69 82
2 3
71 98
69 154
65 45
147 94
68 56
186 5
185 168
189 167
60 12
68 32
90 146
155 159
12 115
6 154
39 4
6 183
102 10
110 167
190 23
78 24
77 2
51 195
70 158
69 119
24 183
4 1
160 6
183 111
1 80
50 169
90 187
41 35
147 99
124 172
146 12
65 136
13 19
65 175
2 1
38 147
65 98
22 26
9 71
88 84
3 36
61 9
158 65
136 147
84 185
139 183
3 195
99 51
131 125
97 133
173 34
102 5
63 42
67 97
21 88
19 37
117 155
183 61
45 59
159 155
28 44
174 2
6 186
131 169
34 65
24 154
172 198
84 133
28 6
81 31
36 184
21 14
61 23
132 172
133 35
27 14
146 14
37 11
3 131
152 136
21 183
136 42
40 88
99 34
68 78
22 147
31 40
15 127
33 35
10 4
190 61
147 51
30 34
10 169
166 8
130 191
40 45
2 17
109 1
159 28
158 172
23 189
26 45
102 198
24 4
32 37
40 161
4 13
80 85
31 12
166 19
190 9
22 190
10 32
125 97
106 111
70 97
33 93
161 166
4 106
2 168
28 99
117 36
104 36
65 35
98 187
30 4
23 85
174 24
23 75
6 143
99 2
40 75
188 189
2 23
2 36
16 2
9 55
19 9
70 4
88 2
177 31
88 41
40 21
8 84
103 40
28 176
37 136
186 139
14 78
90 2
93 54
31 115
68 30
17 115
2 192
32 54
21 9
53 139
125 47
59 70
71 101
21 36
17 55
56 98
65 26
55 98
84 183
33 51
3 183
2 186
10 98
147 184
187 9
167 23
187 33
24 9
143 160
31 142
2 126
131 101
28 51
132 143
8 193
12 97
70 54
30 131
8 111
173 111
198 35
143 183
56 154
93 132
143 139
68 54
19 143
127 44
3 99
183 23
14 56
37 166
188 21
50 59
184 125
99 42
45 154
53 133
183 26
31 5
44 26
166 5
26 101
9 69
4 37
132 67
65 101
133 84
108 23
40 1
42 147
35 103
144 192
2 77
102 106
11 26
2 33
115 97
11 185
186 22
42 98
48 126
104 56
19 174
190 169
12 33
103 10
16 166
6 54
56 173
65 186
65 3
146 4
104 6
99 189
31 19
31 26
107 34
1 40
9 126
95 156
78 183
26 54
187 193
183 108
11 3
81 52
87 15
41 16
147 139
68 152
5 4
2 8
4 190
2 44
2 167
30 42
19 133
6 34
22 30
12 85
2 108
166 27
11 139
56 104
115 131
14 59
2 189
9 125
104 169
166 146
195 19
107 35
147 2
2 111
23 156
24 30
53 67
90 93
90 133
176 33
67 166
53 6
198 147
1 147
147 168
140 11
33 90
34 38
158 184
14 65
77 126
51 14
9 2
10 154
1 12
23 110
186 198
68 35
45 136
104 139
53 38
88 98
16 146
166 161
36 3
2 185
39 63
87 179
190 124
133 16
13 146
169 42
139 14
41 90
36 155
95 2
107 14
189 121
42 70
198 183
186 160
7 2
174 131
9 31
192 144
127 87
115 154
186 93
8 146
136 84
131 42
70 9
114 2
4 11
2 10
37 1
88 107
16 22
127 15
102 27
133 24
102 155
19 2
62 9
190 67
19 56
27 24
131 124
162 31
186 12
187 41
27 42
21 2
104 17
186 37
16 174
133 154
104 45
24 7
147 3
9 190
35 147
109 93
104 125
4 9
189 108
143 84
109 158
101 6
176 28
34 133
12 63
186 131
6 84
144 33
65 133
196 50
1 41
99 158
107 174
146 154
187 71
13 139
195 159
172 67
115 19
5 84
61 110
13 159
147 161
147 84
98 24
65 93
125 14
198 161
86 163
39 109
71 147
41 2
133 33
67 6
146 186
32 132
196 27
13 36
71 14
169 107
27 139
41 36
37 146
97 40
34 161
109 187
1 77
90 17
56 35
189 104
193 187
20 16
29 2
192 63
99 33
102 41
146 132
1 163
109 56
12 114
55 2
15 117
146 67
198 14
22 8
71 90
9 95
146 53
23 5
189 82
184 97
27 2
106 93
188 9
19 90
184 6
154 93
65 111
52 5
21 20
25 11
89 192
28 14
107 1
18 3
196 36
24 41
7 5
15 6
97 111
172 133
188 75
94 115
152 2
31 22
97 115
90 27
90 34
1 4
2 31
23 167
174 94
192 1
40 104
132 160
6 172
14 17
16 124
158 103
24 142
179 87
196 111
34 17
147 125
42 131
122 154
99 31
183 69
143 19
9 23
8 143
111 198
124 84
3 93
24 34
37 90
41 24
142 24
154 55
78 53
8 14
111 172
99 61
31 38
31 185
35 133
50 111
104 174
33 2
47 101
172 97
142 55
109 45
126 15
183 95
196 102
24 104
31 24
24 84
71 38
47 37
20 23
45 26
30 59
136 115
36 127
1 21
2 90
1 9
111 50
190 94
174 132
85 23
56 99
143 6
23 71
6 102
121 189
106 71
28 102
2 187
167 26
187 19
5 104
185 2
40 23
163 144
193 2
55 174
69 20
45 102
2 130
119 69
70 143
173 37
26 183
184 107
196 78
21 37
14 23
174 50
109 10
41 102
82 24
13 27
98 1
193 39
6 14
25 5
139 30
190 32
90 71
65 33
183 187
186 33
99 19
125 37
40 61
89 33
4 33
174 187
190 183
38 158
61 2
24 103
122 69
2 26
9 7
9 161
133 68
154 174
67 30
25 108
56 94
37 40
154 47
139 27
21 95
88 133
101 10
14 189
196 107
98 93
158 133
2 21
47 6
14 192
24 133
13 103
11 1
174 160
28 4
125 17
9 124
17 187
97 9
88 174
22 34
80 1
187 65
146 36
184 166
175 3
166 14
2 104
26 147
14 51
6 36
109 103
54 132
104 108
3 6
38 161
93 9
97 172
93 88
5 146
70 56
40 12
21 146
23 104
168 99
146 125
88 78
12 2
32 109
32 160
68 190
27 3
14 90
31 45
94 34
143 186
32 90
133 21
196 14
139 84
21 189
4 3
31 55
179 126
102 133
162 17
44 80
5 30
190 97
24 40
41 37
166 67
154 27
158 39
154 101
95 23
30 32
78 125
61 183
131 55
16 160
94 9
3 101
21 158
1 6
1 10
95 40
198 54
166 107
13 87
16 6
172 131
190 136
169 172
11 71
184 19
56 190
33 28
59 26
68 47
144 168
6 126
161 54
34 14
139 158
84 17
101 14
90 94
143 30
118 6
53 186
42 78
78 146
10 172
38 5
54 68
139 55
9 11
11 17
158 109
14 34
35 166
156 82
99 1
73 185
99 22
21 90
173 106
10 114
17 185
88 93
101 103
11 85
173 36
158 3
14 35
109 174
20 24
88 30
75 183
98 9
59 169
166 124
107 50
68 94
16 17
121 167
125 9
146 109
65 21
163 14
39 187
25 7
4 28
50 17
59 27
42 196
8 19
159 102
14 126
168 1
32 103
40 190
94 101
8 158
1 24
50 67
17 133
109 3
28 8
8 2
88 169
172 41
183 1
1 111
131 166
99 132
192 33
99 8
133 143
27 90
98 133
48 14
68 90
169 16
37 3
45 40
87 27
62 87
22 79
12 60
198 37
166 3
1 195
84 22
3 90
21 23
6 173
22 146
183 90
109 54
156 1
198 154
125 186
75 9
133 196
27 190
119 122
163 86
136 19
169 124
102 119
140 185
189 23
18 175
156 95
41 174
19 127
15 3
28 1
9 68
47 34
85 2
109 31
174 88
31 106
44 85
103 186
8 28
31 190
133 190
60 2
6 146
37 106
87 126
133 45
2 52
37 68
136 59
1 33
12 41
4 168
81 5
16 32
160 97
159 1
169 104
67 33
146 106
192 51
71 24
124 132
40 154
71 84
27 31
147 14
136 67
47 14
139 107
111 38
166 24
31 147
1 98
160 50
166 32
183 132
87 127
87 36
36 88
37 33
168 2
50 94
127 6
9 174
1 50
71 9
147 103
183 136
143 14
35 111
65 2
23 82
40 44
9 3
3 28
33 154
55 93
155 15
117 1
189 20
61 20
133 111
37 27
54 183
61 26
172 90
84 55
78 196
36 27
84 143
189 61
17 56
14 187
28 33
111 16
16 85
3 97
198 19
196 154
163 147
101 186
33 176
115 84
21 71
28 119
147 192
97 68
19 119
32 4
27 155
93 131
90 65
30 132
33 55
13 133
15 27
65 12
38 101
14 155
87 142
8 133
59 1
97 47
8 88
154 65
125 3
20 61
50 38
11 31
198 41
174 33
107 19
23 99
111 53
198 40
136 152
42 41
26 115
125 184
159 6
147 27
65 184
190 42
59 98
34 36
156 75
154 5
3 14
17 14
37 4
132 154
110 121
4 147
32 27
14 195
26 109
59 37
127 155
51 28
168 28
2 198
154 161
93 13
117 14
142 9
188 2
132 94
132 158
21 190
88 34
63 26
71 31
196 33
103 106
32 158
35 132
31 9
132 166
6 2
1 88
50 174
190 84
37 32
158 26
198 59
42 31
55 62
102 115
54 93
158 63
4 2
99 168
9 143
50 53
55 158
8 34
36 44
71 5
10 5
154 37
99 7
2 121
117 159
86 192
154 198
81 28
94 154
21 35
158 19
4 131
4 71
6 9
51 33
88 196
106 16
24 126
5 61
184 35
10 131
7 108
85 20
4 65
28 2
68 186
31 93
84 152
4 15
30 55
12 1
33 97
161 88
104 158
1 18
132 14
70 39
40 174
174 158
103 2
70 160
78 158
22 143
158 42
24 2
48 11
85 186
159 36
155 4
37 131
102 14
71 67
125 158
163 33
4 41
20 75
32 56
9 4
70 84
22 19
65 158
12 26
6 147
1 126
9 82
26 1
111 12
12 16
132 56
24 1
69 21
1 2
159 2
26 67
30 187
65 9
40 124
147 21
77 1
51 99
56 111
172 101
67 161
42 4
20 80
56 8
107 36
110 14
77 24
2 98
26 84
89 1
195 27
38 131
121 23
172 161
184 103
12 80
11 98
109 4
68 67
190 20
8 26
97 161
166 47
191 12
2 18
90 54
14 28
94 166
81 17
14 48
5 186
97 173
17 154
79 185
168 51
41 98
147 115
61 188
132 174
35 55
154 152
146 56
27 11
146 97
187 131
125 136
132 50
34 50
166 93
189 156
2 142
169 68
9 84
117 195
84 158
185 17
154 41
125 56
198 187
42 97
132 139
31 56
158 147
69 156
198 9
9 187
53 31
13 88
139 93
67 174
187 4
104 38
30 67
108 99
109 161
77 4
127 126
88 55
183 189
37 158
84 37
133 142
98 22
132 146
23 26
2 183
62 36
39 42
94 102
13 1
107 31
16 80
33 1
158 174
33 163
133 2
71 166
26 110
103 67
78 94
17 177
70 50
102 13
183 2
196 125
54 101
186 147
104 47
133 38
19 68
88 56
166 2
51 8
146 68
109 50
71 158
160 67
188 95
7 189
4 172
190 161
26 2
59 50
107 68
174 30
97 67
28 168
101 17
21 69
42 158
1 175
82 1
183 82
183 7
9 54
146 16
42 39
40 136
33 8
41 8
23 121
5 99
40 82
90 78
98 50
2 133
12 45
131 35
107 169
102 87
1 14
36 62
32 1
161 65
172 184
88 17
126 195
70 13
9 61
5 26
7 99
65 18
152 12
1 36
5 189
69 95
24 99
88 42
15 28
136 107
45 47
63 158
188 183
54 37
2 14
196 1
36 84
94 12
45 10
109 9
184 190
75 95
192 86
187 8
99 28
95 20
192 147
30 8
163 195
198 5
54 98
7 183
166 40
169 136
4 48
139 59
190 88
26 192
28 81
80 45
155 27
9 140
67 94
192 2
11 2
104 34
187 39
19 115
25 104
4 94
147 1
50 98
133 17
26 189
4 184
186 71
12 27
2 65
23 24
2 195
2 5
146 22
174 34
192 195
5 190
109 111
78 54
124 71
109 42
10 37
42 47
3 155
5 133
117 28
39 2
146 1
133 198
50 136
90 68
17 139
130 12
24 32
56 26
5 108
25 189
5 124
126 24
68 125
37 2
166 131
131 41
1 51
9 160
24 23
35 34
93 146
13 174
175 18
2 51
21 78
5 23
173 30
2 146
26 132
136 40
154 13
104 146
2 110
50 42
47 67
35 8
6 73
7 40
61 108
4 90
152 78
23 14
132 88
1 102
26 50
14 147
78 36
154 45
85 26
78 33
68 37
174 172
16 185
84 184
40 132
184 94
174 1
125 93
169 132
19 84
1 52
14 30
35 102
187 132
53 8
86 51
56 109
13 22
189 110
192 14
195 127
1 84
184 132
172 88
126 155
183 67
42 88
5 2
32 97
51 1
140 2
11 14
71 42
156 190
41 107
44 179
136 53
133 109
139 90
2 9
196 17
12 5
159 14
84 68
61 5
174 196
4 39
4 109
39 158
11 6
65 172
147 158
1 139
14 61
27 107
24 31
98 101
63 2
90 38
30 53
110 23
68 124
136 2
131 71
31 184
53 184
50 104
6 136
19 65
59 146
26 106
84 125
39 41
1 133
47 186
146 90
7 1
109 84
9 156
36 32
20 188
5 14
190 56
23 61
5 169
3 27
32 2
136 94
119 154
24 82
139 12
88 158
18 2
2 60
185 28
37 169
31 17
51 2
67 50
2 11
139 73
6 31
101 99
48 24
78 143
2 24
24 67
195 87
24 71
190 4
190 65
173 136
156 2
56 184
99 184
62 2
2 163
37 132
14 124
51 168
136 184
70 99
146 32
127 117
195 36
102 37
169 190
70 161
114 191
169 174
174 133
4 193
184 14
59 25
34 147
36 1
187 93
3 158
188 61
90 41
160 146
33 166
60 130
42 56
24 143
109 63
40 24
11 111
65 40
21 169
86 144
110 26
183 13
68 132
195 117
60 191
198 17
84 98
190 156
65 131
88 101
15 19
103 93
38 31
121 14
154 42
9 6
37 67
14 139
154 6
81 177
12 106
106 4
19 198
42 10
3 1
34 42
189 9
189 1
146 70
186 187
41 40
2 63
22 131
9 36
6 198
87 62
139 106
29 6
117 44
2 20
50 36
14 8
109 133
44 45
21 40
19 146
159 27
13 125
50 34
32 10
34 98
37 161
73 11
24 21
15 155
160 98
156 21
179 155
87 159
51 185
169 139
95 190
121 2
27 154
103 13
186 11
31 140
41 84
95 1
45 152
20 7
187 1
190 147
25 37
166 104
71 1
154 8
90 59
140 6
85 44
78 32
130 2
4 119
1 11
37 14
183 115
98 124
172 183
31 187
62 142
2 4
86 147
102 19
163 1
38 198
176 99
2 102
147 163
11 24
94 53
4 77
14 87
47 174
6 29
16 97
65 31
98 59
169 56
17 12
146 173
1 23
147 4
196 124
14 4
40 85
27 71
16 20
103 160
21 196
183 59
67 107
27 127
198 36
189 21
133 70
192 168
102 16
10 133
166 37
185 6
42 53
45 1
26 68
12 192
172 13
198 115
146 33
55 31
59 190
17 131
184 12
126 9
12 107
55 9
109 5
111 4
73 9
146 19
143 174
1 16
158 97
65 196
26 23
56 9
67 3
169 3
107 41
99 108
65 88
1 127
59 94
161 8
133 147
4 14
111 67
158 169
104 93
71 172
90 13
161 169
68 184
30 3
109 35
88 90
85 40
9 65
59 115
89 2
109 37
169 125
111 34
142 133
8 33
143 29
37 78
1 156
53 158
45 85
173 166
31 84
125 133
118 14
176 1
21 198
