0	1	2
0	2	3
0	3	3
0	4	5
0	5	8
0	6	4
0	7	1
0	8	3
0	11	1
0	12	2
0	14	1
1	2	19
1	3	1
1	4	1
1	5	2
1	6	2
1	7	1
1	10	1
1	11	4
1	12	1
1	13	1
1	14	1
2	3	1
2	4	6
2	5	1
2	6	4
2	7	3
2	11	1
2	13	3
3	4	1
3	5	4
3	6	1
3	7	7
3	10	6
3	11	3
3	12	7
3	13	2
3	14	3
4	5	6
4	6	3
4	7	2
4	8	2
4	9	2
4	12	1
4	14	1
5	6	5
5	8	1
5	11	5
6	7	3
6	11	4
6	12	2
6	13	2
7	8	5
7	9	3
7	10	1
7	11	2
7	12	2
7	13	3
7	14	1
8	9	18
8	13	4
8	14	1
9	10	1
9	11	1
9	12	5
9	13	2
9	14	2
10	11	5
10	12	1
10	13	1
10	14	16
11	12	2
11	13	3
11	14	5
12	13	2
13	14	3
