#module 0 size: 8 bs: 4.53246e-06
1 5 10 17 24 42 94 105 
#module 1 size: 6 bs: 0.00392611
4 41 53 73 75 103 
#module 2 size: 8 bs: 0.708473
6 11 12 82 85 98 99 108 
#module 3 size: 20 bs: 0.0445549
3 7 14 15 16 19 32 33 35 39 40 48 55 61 62 65 72 86 100 101 
#module 4 size: 10 bs: 0.124786
20 30 31 36 56 80 81 83 95 102 
#module 5 size: 6 bs: 0.00113521
12 25 29 51 70 91 
#module 6 size: 41 bs: 0.165627
2 13 18 21 26 27 28 34 37 38 43 44 45 46 49 57 58 59 60 62 63 64 66 67 71 76 77 81 87 88 90 92 93 96 97 98 104 106 110 113 114 
#module 7 size: 11 bs: 0.535852
8 9 22 23 51 52 69 78 79 109 112 
#module 8 size: 9 bs: 7.41439e-08
47 50 54 68 74 84 89 111 115 
#module 0 size: 9 bs: 0.705038
45 49 58 67 76 87 92 93 113 
#module 1 size: 6 bs: 0.670477
18 21 66 88 97 114 
#module 2 size: 6 bs: 7.41438e-08
28 57 63 71 77 96 
#module 3 size: 45 bs: 0.0833799
2 3 7 13 14 15 16 19 20 26 27 30 31 32 33 34 35 36 37 38 39 40 43 44 46 48 55 56 61 62 65 72 80 81 83 86 90 95 100 101 102 104 106 107 110 
#module 4 size: 35 bs: 0.12923
1 4 5 6 10 11 12 17 24 25 29 41 42 47 50 51 53 54 68 70 73 74 75 82 84 85 89 91 94 99 103 105 108 111 115 
#module 5 size: 10 bs: 7.74209e-08
8 9 22 23 52 69 78 79 109 112 
#module 6 size: 4 bs: 0.214567
59 60 64 98 
#module 0 size: 9 bs: 0.383977
47 50 54 68 74 84 89 111 115 
#module 1 size: 8 bs: 2.31474e-07
1 5 10 17 24 42 94 105 
#module 2 size: 11 bs: 0.00563918
8 9 22 23 51 52 69 78 79 109 112 
#module 3 size: 7 bs: 0.000764553
19 32 35 55 62 72 100 
#module 4 size: 6 bs: 0.000764553
12 25 29 51 70 91 
#module 5 size: 6 bs: 0.00563918
4 41 53 73 75 103 
#module 6 size: 8 bs: 0.708472
6 11 12 82 85 98 99 108 
#module 7 size: 11 bs: 3.51345e-07
3 7 14 16 33 40 48 61 65 101 107 
#module 8 size: 9 bs: 7.95529e-09
2 26 34 38 46 90 104 106 110 
#module 9 size: 6 bs: 0.00200723
13 15 27 39 44 86 
#module 10 size: 37 bs: 0.79677
18 20 21 28 30 31 36 37 43 45 49 56 57 58 59 60 63 64 66 67 71 76 77 80 81 83 87 88 92 93 95 96 97 98 102 113 114 
#module 0 size: 4 bs: 0.383977
59 60 64 98 
#module 1 size: 9 bs: 0.301292
2 26 34 38 46 90 104 106 110 
#module 2 size: 9 bs: 0.446302
45 49 58 67 76 87 92 93 113 
#module 3 size: 9 bs: 0.809263
47 50 54 68 74 84 89 111 115 
#module 4 size: 6 bs: 0.156301
18 21 66 88 97 114 
#module 5 size: 6 bs: 0.670477
28 57 63 71 77 96 
#module 6 size: 6 bs: 0.00563918
4 41 53 73 75 103 
#module 7 size: 8 bs: 0.708472
6 11 12 82 85 98 99 108 
#module 8 size: 6 bs: 0.00113521
12 25 29 51 70 91 
#module 9 size: 36 bs: 0.478926
3 7 13 14 15 16 19 20 27 30 31 32 33 35 36 37 39 40 43 44 48 55 56 61 62 65 72 80 81 83 86 95 100 101 102 107 
#module 10 size: 10 bs: 7.7421e-08
8 9 22 23 52 69 78 79 109 112 
#module 11 size: 8 bs: 4.53246e-06
1 5 10 17 24 42 94 105 
#module 0 size: 11 bs: 3.51346e-07
3 7 14 16 33 40 48 61 65 101 107 
#module 1 size: 6 bs: 0.819537
13 15 27 39 44 86 
#module 2 size: 6 bs: 0.000764552
12 25 29 51 70 91 
#module 3 size: 6 bs: 0.00392611
4 41 53 73 75 103 
#module 4 size: 6 bs: 0.00563918
6 11 82 85 99 108 
#module 5 size: 8 bs: 4.53246e-06
1 5 10 17 24 42 94 105 
#module 6 size: 9 bs: 7.41439e-08
47 50 54 68 74 84 89 111 115 
#module 7 size: 10 bs: 3.42389e-08
8 9 22 23 52 69 78 79 109 112 
#module 8 size: 9 bs: 1.71644e-08
2 26 34 38 46 90 104 106 110 
#module 9 size: 7 bs: 8.46529e-05
19 32 35 55 62 72 100 
#module 10 size: 38 bs: 0.582093
18 20 21 28 30 31 36 37 43 44 45 49 56 57 58 59 60 63 64 66 67 71 76 77 80 81 83 87 88 92 93 95 96 97 98 102 113 114 
#module 0 size: 10 bs: 0.00113191
20 30 31 36 56 80 81 83 95 102 
#module 1 size: 8 bs: 4.53246e-06
1 5 10 17 24 42 94 105 
#module 2 size: 4 bs: 0.580959
59 60 64 98 
#module 3 size: 9 bs: 7.41439e-08
2 26 34 38 46 90 104 106 110 
#module 4 size: 9 bs: 0.705038
45 49 58 67 76 87 92 93 113 
#module 5 size: 6 bs: 0.00113521
12 25 29 51 70 91 
#module 6 size: 6 bs: 0.00334749
18 21 66 88 97 114 
#module 7 size: 6 bs: 0.00334749
28 57 63 71 77 96 
#module 8 size: 6 bs: 0.00563918
4 41 53 73 75 103 
#module 9 size: 8 bs: 0.708472
6 11 12 82 85 98 99 108 
#module 10 size: 25 bs: 0.0977778
3 7 13 14 15 16 19 27 32 33 35 39 40 43 44 48 55 61 62 65 72 86 100 101 107 
#module 11 size: 11 bs: 0.535851
8 9 22 23 51 52 69 78 79 109 112 
#module 12 size: 9 bs: 7.41439e-08
47 50 54 68 74 84 89 111 115 
#module 0 size: 11 bs: 3.51345e-07
3 7 14 16 33 40 48 61 65 101 107 
#module 1 size: 7 bs: 0.000202392
5 10 17 24 42 94 105 
#module 2 size: 6 bs: 0.00113521
12 25 29 51 70 91 
#module 3 size: 9 bs: 7.41439e-08
47 50 54 68 74 84 89 111 115 
#module 4 size: 6 bs: 0.00200723
13 15 27 39 44 86 
#module 5 size: 6 bs: 0.00392611
4 41 53 73 75 103 
#module 6 size: 8 bs: 0.708472
6 11 12 82 85 98 99 108 
#module 7 size: 10 bs: 7.74209e-08
8 9 22 23 52 69 78 79 109 112 
#module 8 size: 9 bs: 7.9553e-09
2 26 34 38 46 90 104 106 110 
#module 9 size: 7 bs: 8.46529e-05
19 32 35 55 62 72 100 
#module 10 size: 38 bs: 0.582093
18 20 21 28 30 31 36 37 43 44 45 49 56 57 58 59 60 63 64 66 67 71 76 77 80 81 83 87 88 92 93 95 96 97 98 102 113 114 
#module 0 size: 9 bs: 0.205099
2 26 34 38 46 90 104 106 110 
#module 1 size: 11 bs: 3.51346e-07
3 7 14 16 33 40 48 61 65 101 107 
#module 2 size: 6 bs: 0.383977
13 15 27 39 44 86 
#module 3 size: 9 bs: 0.214567
47 50 54 68 74 84 89 111 115 
#module 4 size: 6 bs: 0.156301
18 21 66 88 97 114 
#module 5 size: 6 bs: 0.670477
28 57 63 71 77 96 
#module 6 size: 12 bs: 0.00334749
45 49 58 60 64 67 76 87 92 93 98 113 
#module 7 size: 6 bs: 0.00392611
4 41 53 73 75 103 
#module 8 size: 6 bs: 0.00392611
6 11 82 85 99 108 
#module 9 size: 6 bs: 0.000764553
12 25 29 51 70 91 
#module 10 size: 10 bs: 7.74208e-08
8 9 22 23 52 69 78 79 109 112 
#module 11 size: 8 bs: 4.53245e-06
1 5 10 17 24 42 94 105 
#module 12 size: 7 bs: 8.4653e-05
19 32 35 55 62 72 100 
#module 13 size: 15 bs: 0.396349
20 30 31 36 37 56 59 60 64 80 81 83 95 98 102 
#module 0 size: 4 bs: 0.214567
59 60 64 98 
#module 1 size: 9 bs: 0.574635
45 49 58 67 76 87 92 93 113 
#module 2 size: 6 bs: 0.00334749
18 21 66 88 97 114 
#module 3 size: 6 bs: 0.00334749
28 57 63 71 77 96 
#module 4 size: 45 bs: 0.0470088
2 3 7 13 14 15 16 19 20 26 27 30 31 32 33 34 35 36 37 38 39 40 43 44 46 48 55 56 61 62 65 72 80 81 83 86 90 95 100 101 102 104 106 107 110 
#module 5 size: 33 bs: 0.00704381
1 5 8 9 10 12 17 22 23 24 25 29 42 47 50 51 52 54 68 69 70 74 78 79 84 89 91 94 105 109 111 112 115 
#module 6 size: 14 bs: 0.661154
4 6 11 12 41 53 73 75 82 85 98 99 103 108 
#module 0 size: 11 bs: 3.51345e-07
3 7 14 16 33 40 48 61 65 101 107 
#module 1 size: 6 bs: 0.819537
13 15 27 39 44 86 
#module 2 size: 6 bs: 0.000764553
12 25 29 51 70 91 
#module 3 size: 6 bs: 0.00392611
4 41 53 73 75 103 
#module 4 size: 6 bs: 0.00254595
6 11 82 85 99 108 
#module 5 size: 8 bs: 4.53246e-06
1 5 10 17 24 42 94 105 
#module 6 size: 9 bs: 7.41438e-08
47 50 54 68 74 84 89 111 115 
#module 7 size: 10 bs: 7.7421e-08
8 9 22 23 52 69 78 79 109 112 
#module 8 size: 9 bs: 1.71644e-08
2 26 34 38 46 90 104 106 110 
#module 9 size: 7 bs: 8.46529e-05
19 32 35 55 62 72 100 
#module 10 size: 38 bs: 0.582093
18 20 21 28 30 31 36 37 43 44 45 49 56 57 58 59 60 63 64 66 67 71 76 77 80 81 83 87 88 92 93 95 96 97 98 102 113 114 
