#module 0 size: 33 bs: 0.00947205
1 5 8 9 10 12 17 22 23 24 25 29 42 47 50 51 52 54 68 69 70 74 78 79 84 89 91 94 105 109 111 112 115 
#module 1 size: 14 bs: 1.98221e-11
4 6 11 12 41 53 73 75 82 85 98 99 103 108 
#module 2 size: 28 bs: 0.351016
2 20 26 30 31 34 36 38 45 46 49 56 58 67 76 80 81 83 87 90 92 93 95 102 104 106 110 113 
#module 3 size: 17 bs: 0.266976
18 21 28 37 57 59 60 63 64 66 71 77 88 96 97 98 114 
#module 4 size: 30 bs: 0.674077
3 7 13 14 15 16 19 27 32 33 35 37 39 40 43 44 48 55 59 60 61 62 64 65 72 86 98 100 101 107 
