14 15 53 125 144 200
73 92 112 137 138 148
7 38 46 50 82 99
10 32 77 116 122 151 168 175
4 12 36 73 88 98 108 131 134 152 167 181 195 200
41 43 68 91 105 175
13 21 30 55 94
5 11 26 33 101 160
49 65 90 93 109 135 157 177 178 180 190
20 54 108
61 67 72 78 87 97 110 133
1 3 24 29 64 109 146 163 166 174 188 191
75 85 103 145
2 8 47 56 96 104 113 147 150 155 188
51 81 106 117 176
62 63 70 84 129
1 25 48 69 100 119
28 34 89 102 114 124 143 164 172 177 197
11 120 135 149
19 44 89 122
9 45 58 74 79 127 153 158 159 170 179 187 193 194 196
7 82 86 172 198
18 27 60 95 115 121 148 158 171 186 189 192
40 54 57 59 83 145 169 182 184 191 192
6 39 42 66 76 123 130 153 173 176 185 190 197 198 199
35 56 103 115 126 141 149 165
17 45 80 98 118 120 141 150 161 162 183
22 31 37 47 52 111 128 156
71 90 107 132 139 140 154
16 23 94 136 142 160 185
