11 14 17 22 45 56 62 74 79
6 33 80 91 93
4 16 17 18 21 39 48 51 52 59 66 68 73 80 84 91 93 106 113 120 133 134 135 144 145 148 149
28 41 60 72 76 105 108 109 127
25 34 40 46 56 75 81 86 90 93 98 110 120 124 132 136 145
20 30 42 53 60 89 133 144
4 13 17 19 23 24 27 30 43 51 59 77 80 107 119 132 134 140 146
3 21 25 38 48 51 79
17 21 25 29 44 51 54 72 78 80 96 97 100 120 122 127 130 131 137 138 139 143 144 145 147
5 10 12 31 35 49 69 127
8 47 91 132 147
15 21 32 67 79 94 99 104 133 147
25 26 37 56 64 72 79 87 102 134
1 4 7 9 31 60 63 65 82 93 95 101 111 115 128 129 141 142
48 50 56 59 83 111 112 116 126 133 134 144
2 30 31 36 48 55 57 58 60 70 71 72 91 103 111 117 118 121 123 125 147 150
4 30 31 59 61 85 88 92 111 114 120 127 132 145
