#module 0 size: 11 bs: 0.971533
20 21 22 23 24 25 48 50 82 95 109 
#module 1 size: 25 bs: 1.0478
6 8 16 17 28 44 49 55 61 64 65 68 69 71 73 76 77 81 88 89 93 97 102 104 107 
#module 2 size: 20 bs: 1.10169
5 29 31 32 33 34 35 36 45 54 66 77 85 87 90 93 96 100 101 108 
#module 3 size: 11 bs: 1.7233
14 19 30 38 58 59 75 79 80 110 111 
#module 4 size: 48 bs: 1.14824
1 2 3 4 7 9 10 11 12 13 15 18 23 26 27 37 39 40 41 42 43 46 47 51 52 53 56 57 60 62 63 67 70 72 74 78 83 84 86 91 92 94 98 99 103 105 106 112 
