20	21
18	22
16	23
20	23
21	24
20	24
17	25
6	23
2	23
4	26
6	16
11	27
2	20
12	26
24	28
6	20
20	28
12	29
27	28
6	22
7	29
13	30
24	29
5	25
14	31
28	31
29	32
12	32
2	33
17	31
32	34
7	32
29	34
19	35
21	28
20	36
5	17
28	36
21	36
16	37
2	25
23	37
30	38
13	38
13	26
7	39
34	40
22	31
8	41
22	29
32	40
24	31
11	42
7	30
10	25
14	43
27	32
12	34
15	44
16	45
1	24
25	33
16	46
37	46
31	43
8	25
34	47
27	38
22	47
23	46
12	48
22	24
1	20
26	27
11	49
12	40
1	50
3	44
42	49
31	51
32	47
29	52
3	25
27	49
29	40
50	53
17	24
33	54
12	24
37	45
1	53
11	35
14	26
37	55
10	17
15	56
43	50
12	47
18	57
23	33
24	36
40	58
7	56
6	56
2	54
31	59
34	48
41	59
31	39
19	26
40	60
11	25
43	59
3	61
32	48
45	62
14	59
14	51
45	55
23	45
39	63
44	56
9	62
23	62
34	60
27	42
58	64
36	61
26	60
13	65
20	22
9	63
34	58
28	29
23	55
25	66
7	63
37	62
26	38
26	30
45	67
7	26
9	27
35	45
29	58
64	68
21	27
22	57
10	26
30	56
23	67
14	69
17	66
18	70
21	23
25	47
26	29
10	56
30	65
37	71
33	38
33	44
24	53
10	19
55	72
22	34
35	51
19	73
63	66
38	65
23	54
46	47
26	74
42	46
1	2
58	68
43	75
31	69
40	76
43	64
4	74
41	77
23	72
34	52
18	73
27	78
39	46
2	3
21	53
11	78
68	79
16	62
45	46
14	80
33	47
55	62
49	64
35	64
68	81
29	60
34	46
41	67
16	42
30	64
47	82
58	79
7	28
34	83
38	56
12	52
39	56
32	60
83	84
8	77
16	21
26	63
4	85
28	41
19	25
7	27
29	83
53	86
29	47
51	69
34	76
26	33
11	87
5	10
46	62
10	88
1	42
22	70
37	89
26	70
27	87
26	43
6	46
31	46
1	86
32	90
2	42
57	70
48	61
32	91
37	72
50	86
33	59
58	60
48	92
31	75
22	53
10	13
42	87
34	84
18	56
14	93
43	93
37	67
2	46
33	74
10	94
78	87
6	10
10	44
45	72
26	93
42	95
88	94
79	81
38	74
46	55
63	96
25	54
49	87
39	96
6	19
69	80
5	97
77	87
67	89
85	98
18	33
26	71
51	99
64	79
54	79
35	69
31	56
4	98
87	100
57	61
59	69
43	69
48	58
35	44
67	101
49	59
74	98
45	71
33	102
5	56
48	60
68	103
6	67
81	103
29	82
26	98
93	104
16	55
69	99
5	88
60	92
52	83
63	105
43	51
28	75
75	106
9	26
74	85
39	105
85	93
16	107
61	99
40	90
9	70
7	90
37	38
55	108
79	103
46	71
9	96
28	56
32	109
49	68
57	104
46	67
80	99
78	110
6	45
17	39
58	90
83	111
32	92
58	76
44	64
35	49
23	112
2	102
67	72
27	95
11	100
16	89
26	85
52	113
29	76
36	73
61	114
15	35
43	80
43	104
48	84
55	115
13	71
96	105
13	93
35	73
14	104
12	58
88	116
38	95
43	114
89	107
12	68
29	85
49	117
90	92
2	44
6	17
3	114
22	117
78	118
80	104
81	106
37	115
26	119
24	75
99	104
87	117
7	114
26	42
21	120
47	52
13	70
104	121
61	108
60	84
12	113
14	99
51	80
85	122
60	90
45	89
6	47
58	121
12	81
37	108
18	123
40	92
60	91
12	76
37	107
35	97
67	71
39	124
63	124
96	124
28	120
26	122
9	33
18	125
2	34
105	124
12	82
29	38
106	126
22	25
10	116
45	112
96	127
110	118
44	62
58	103
50	128
50	105
18	23
19	60
67	129
19	66
101	129
19	116
35	78
60	130
31	93
52	111
15	78
74	119
3	131
70	123
41	45
123	125
58	83
75	126
42	117
111	132
70	125
57	125
12	93
89	129
3	19
41	133
17	67
17	41
49	100
44	116
45	108
1	102
10	134
124	127
9	41
23	102
7	36
11	110
73	135
121	131
111	113
5	39
63	70
85	119
49	78
90	136
72	108
36	120
42	78
7	96
114	131
35	135
26	137
41	106
6	53
102	135
95	97
70	138
88	134
10	63
34	81
11	38
26	49
118	139
74	122
2	66
25	62
94	134
4	140
30	133
57	131
69	104
4	119
8	133
62	112
47	141
32	113
76	79
34	68
57	123
1	128
76	142
98	140
7	105
27	100
72	115
34	88
33	143
74	140
61	131
47	60
16	67
101	144
59	93
7	22
63	125
57	138
6	116
26	145
35	77
91	130
50	134
5	47
98	119
106	146
97	111
1	43
76	103
89	108
145	147
11	118
9	123
5	7
63	127
79	90
58	148
19	91
56	120
32	82
58	84
34	117
64	149
46	72
29	79
26	125
56	69
28	150
74	145
105	143
30	137
57	150
89	151
10	137
120	150
69	75
64	103
25	152
38	55
64	76
36	150
21	89
26	65
47	153
30	55
78	100
84	92
24	50
61	132
14	75
80	154
75	104
107	129
66	152
92	113
98	122
114	155
98	137
22	138
52	68
35	117
81	126
140	156
18	62
100	118
98	145
100	117
51	154
156	157
74	156
127	151
59	80
19	61
40	136
58	158
31	37
16	28
78	117
125	138
148	158
75	146
76	159
6	15
90	121
119	145
83	92
17	124
65	73
135	160
41	105
4	156
44	128
56	63
28	161
25	98
76	81
17	152
79	82
18	162
61	111
98	156
34	79
24	162
23	89
3	163
5	66
32	68
27	117
27	164
21	150
58	61
31	96
53	73
21	165
46	89
99	121
108	115
33	128
114	163
23	166
48	64
123	150
2	86
31	154
3	42
148	167
54	102
93	121
3	102
138	144
155	163
156	168
58	159
11	45
34	91
58	86
51	93
56	57
25	169
69	114
86	128
98	147
55	65
32	84
23	108
33	170
9	102
69	146
46	124
50	132
85	147
149	171
137	145
119	156
84	158
52	64
36	161
137	172
90	159
34	64
72	112
22	125
141	153
6	108
96	173
59	106
122	137
52	84
56	124
75	93
35	160
28	174
36	140
21	174
75	85
52	76
78	164
103	162
64	175
42	100
157	168
75	99
140	157
134	176
123	138
122	145
128	137
42	118
82	113
76	175
153	177
71	119
37	112
56	153
95	136
55	67
39	127
33	178
97	112
58	82
110	164
119	137
45	115
2	179
105	127
81	113
56	162
31	89
69	126
51	180
131	160
29	64
12	60
39	93
18	135
69	181
6	7
26	84
85	137
19	135
21	161
72	89
39	182
26	68
127	182
78	160
19	67
65	135
43	126
18	183
49	58
37	129
144	154
18	138
32	64
87	110
59	184
37	151
100	164
35	79
22	87
46	101
1	185
27	118
51	59
97	117
98	141
88	176
78	186
83	90
80	126
3	9
9	25
75	80
128	187
24	80
31	151
2	178
42	102
80	93
23	183
7	188
39	85
94	155
52	79
20	120
132	189
6	137
70	162
34	130
10	45
116	166
58	113
78	190
5	32
32	111
108	112
91	92
48	82
10	66
141	191
129	151
43	154
19	160
143	170
162	183
1	6
24	192
26	158
178	179
87	190
152	169
77	133
9	54
62	193
104	126
8	19
40	82
27	139
82	136
79	194
103	106
42	114
94	176
21	192
116	195
83	132
35	126
10	195
5	96
93	184
52	130
61	196
14	70
41	46
96	123
61	163
35	175
121	184
30	197
88	130
13	197
123	162
117	132
26	58
136	159
34	198
60	79
127	173
49	148
30	190
87	118
121	199
151	173
7	127
40	113
84	113
33	179
52	141
71	200
33	153
97	200
112	129
129	144
164	186
117	118
180	201
97	187
4	137
63	146
118	164
7	41
29	132
135	202
32	153
53	162
39	74
38	197
46	108
24	161
164	203
31	104
120	192
54	98
56	133
88	195
46	151
198	204
43	181
25	196
44	61
184	199
111	141
84	159
115	205
28	192
97	132
74	168
63	182
52	60
36	174
129	206
96	188
66	132
1	64
119	122
51	104
80	146
48	207
10	14
13	37
88	148
7	46
95	118
205	208
4	168
39	188
37	206
149	175
81	97
7	124
202	209
62	108
84	207
76	84
176	195
115	208
97	210
24	43
68	158
28	165
131	190
23	115
83	211
83	113
60	194
18	108
78	203
32	58
91	212
94	195
100	102
91	109
20	53
122	172
74	213
103	149
62	67
53	91
20	150
70	183
108	214
43	106
5	41
20	161
11	117
27	215
22	90
117	203
138	162
62	72
79	83
167	216
104	106
71	129
107	144
143	178
63	75
46	180
118	217
69	93
57	162
2	143
1	187
90	103
64	113
173	218
10	122
110	190
2	24
63	188
170	178
134	219
6	70
92	103
118	190
88	219
161	174
3	132
129	220
134	195
12	142
47	79
119	168
55	166
60	158
98	221
12	79
31	184
125	162
83	136
23	151
204	222
107	122
22	123
35	202
140	145
80	106
14	106
13	223
122	156
56	139
41	88
192	197
31	80
38	223
5	224
131	163
53	128
82	90
159	161
103	113
49	114
33	225
99	126
11	46
12	64
5	210
68	76
6	9
52	226
93	126
130	198
97	202
75	103
25	60
176	219
37	227
109	212
77	175
68	226
81	149
14	121
41	165
217	228
30	223
13	126
124	173
17	88
53	187
97	229
112	115
89	103
48	130
6	63
12	132
214	230
161	192
16	129
8	152
145	172
123	183
50	154
24	231
120	161
16	72
23	129
150	192
121	224
37	166
33	232
61	97
82	109
87	164
80	184
202	210
37	200
3	233
64	81
5	26
4	145
31	150
140	147
15	186
215	234
58	130
27	110
79	113
122	140
180	219
96	235
16	102
125	183
49	118
140	213
17	72
125	236
65	160
82	83
151	210
186	203
111	226
68	237
121	126
36	97
41	75
197	223
122	186
64	237
174	238
140	168
42	186
109	152
3	178
123	236
138	183
46	239
131	233
22	41
43	56
40	84
182	188
32	49
236	240
52	198
119	128
201	202
3	196
25	114
178	241
27	234
49	139
18	151
159	175
59	104
40	242
95	186
25	69
16	186
7	173
31	126
126	160
34	243
143	200
46	112
119	172
117	123
39	98
161	231
231	244
135	209
111	198
48	113
65	223
32	149
62	71
197	245
138	236
29	92
62	151
116	219
206	227
109	246
74	137
16	151
105	173
21	97
2	75
57	183
47	247
158	159
61	155
153	191
170	179
53	185
152	171
157	248
45	129
6	96
78	139
51	97
131	155
223	245
229	249
137	147
80	121
126	197
163	233
71	107
216	250
166	206
95	217
62	239
172	246
4	157
49	234
98	251
29	84
207	236
60	98
67	112
64	142
30	252
173	188
1	133
111	189
1	63
210	229
9	20
67	253
138	240
5	30
159	207
200	206
86	187
174	231
103	254
141	198
44	103
94	219
28	238
51	201
112	255
98	168
147	251
145	209
120	174
145	156
94	137
198	256
81	82
63	185
55	235
167	250
183	257
76	82
66	169
68	82
67	107
49	186
76	141
157	258
15	57
37	208
138	257
28	231
123	240
132	154
91	259
55	89
83	194
116	134
137	251
52	58
184	224
197	260
90	109
77	217
139	217
166	200
15	137
110	261
174	244
41	94
164	261
68	113
73	160
73	262
183	240
50	63
27	92
2	38
41	87
42	139
164	263
62	89
9	179
195	219
50	187
17	169
131	196
87	264
1	113
50	189
108	239
136	242
155	265
23	71
216	264
59	201
24	178
47	113
40	79
171	266
231	238
117	183
38	46
140	172
16	71
79	149
36	267
9	13
147	172
153	198
16	193
108	205
91	111
201	268
10	182
143	179
55	61
2	16
132	144
82	149
247	269
70	240
149	152
160	262
41	78
63	65
49	110
136	270
42	43
41	184
28	244
163	196
45	151
238	271
5	70
80	180
110	215
13	245
42	147
147	157
21	272
128	185
50	185
224	230
81	111
56	184
186	273
60	64
150	161
148	216
56	198
107	208
88	150
91	274
60	82
149	266
99	201
116	176
106	201
36	275
203	261
172	251
72	88
120	238
18	236
126	276
35	262
238	244
33	41
9	15
146	181
63	173
13	277
202	205
100	135
18	240
28	271
39	173
117	234
209	278
4	122
185	187
65	197
230	279
45	193
39	141
130	256
55	112
202	247
199	280
6	115
26	156
192	238
55	129
54	59
7	281
119	140
91	149
143	225
64	171
75	216
50	199
26	282
97	249
154	184
166	208
189	226
210	224
57	257
93	283
192	231
114	233
100	202
69	106
147	213
31	85
2	284
165	174
184	280
134	150
52	82
22	162
30	105
190	285
224	279
5	94
10	176
53	119
21	80
135	286
48	237
126	277
158	167
158	216
65	286
137	287
3	155
61	233
157	172
214	239
81	237
125	229
114	288
160	255
83	103
224	229
162	236
130	212
119	289
201	247
87	285
71	151
214	279
71	208
21	290
149	159
53	165
69	154
19	209
14	126
87	138
215	291
95	100
174	272
1	118
16	192
134	194
221	292
58	237
35	286
179	225
98	256
68	189
143	293
54	143
6	173
223	260
124	235
97	224
86	134
285	294
186	217
73	108
267	275
6	54
142	295
57	240
233	288
57	137
223	263
80	181
107	193
233	296
7	182
63	218
203	234
85	140
2	161
196	233
202	297
118	264
215	233
178	284
179	284
16	108
11	186
263	298
62	103
130	141
261	263
148	237
175	266
38	180
203	299
122	157
196	288
67	151
44	88
7	218
25	59
143	300
19	202
251	287
165	231
165	296
134	190
239	301
242	270
179	300
179	210
1	15
117	164
160	286
228	302
24	214
8	9
90	175
8	171
195	270
115	303
188	235
97	272
130	204
10	219
28	267
122	248
77	304
204	256
210	249
101	206
86	185
82	242
156	289
92	305
13	17
4	147
181	197
47	242
56	127
44	288
215	306
21	41
37	144
166	264
42	180
64	90
41	56
271	307
141	159
219	241
167	187
115	255
7	235
101	200
47	308
190	223
31	99
64	223
33	300
152	205
137	289
261	309
15	273
51	121
22	49
123	257
210	284
119	157
307	310
97	306
116	234
74	299
103	158
222	311
171	237
41	304
83	310
137	156
110	309
164	190
250	312
18	257
167	312
98	287
162	257
25	240
217	273
130	313
242	247
55	151
35	209
42	284
122	289
40	48
191	314
215	261
9	304
27	186
98	292
217	302
7	244
155	315
25	58
249	264
49	273
35	113
45	208
262	316
139	302
256	313
172	248
10	27
67	317
43	84
154	280
180	247
51	106
61	288
58	114
107	318
150	195
120	197
1	9
24	61
12	159
112	319
63	235
118	261
44	134
80	283
190	264
7	320
158	254
245	288
6	82
26	157
133	304
17	55
201	321
148	150
26	147
234	261
82	103
25	63
116	322
98	282
212	256
175	209
91	132
54	178
18	323
100	285
165	238
23	206
127	188
74	287
180	324
242	308
27	217
90	237
99	146
245	260
242	325
28	307
99	180
80	97
44	212
225	300
80	199
286	326
22	93
262	286
9	29
94	131
216	312
145	175
256	327
8	240
233	261
76	295
178	248
235	328
216	237
15	190
40	91
224	280
20	290
18	160
205	329
77	90
6	35
59	102
171	216
128	275
259	274
282	330
48	111
145	157
34	82
30	277
132	331
71	144
6	286
114	196
40	259
6	183
148	332
197	277
170	232
160	202
37	193
316	333
67	208
141	142
198	212
234	299
224	278
144	320
308	334
260	302
131	262
9	67
237	332
131	265
100	294
182	335
44	50
37	214
160	197
9	233
264	285
83	130
306	336
115	206
58	207
84	305
79	171
135	326
4	221
308	337
48	91
69	121
28	290
55	107
97	286
134	322
196	338
123	323
284	300
87	309
170	225
41	192
177	191
80	339
3	147
74	180
75	160
168	287
236	257
71	108
136	340
69	209
67	209
12	44
9	161
81	198
212	341
31	199
168	299
36	231
140	141
211	289
110	342
164	285
110	117
155	196
70	98
155	194
76	343
117	299
85	261
44	341
219	322
78	285
43	53
122	344
74	248
223	277
36	238
128	143
18	41
68	90
15	345
7	84
65	245
9	19
129	186
56	345
135	232
288	346
109	256
174	275
178	328
11	132
53	122
17	78
74	347
150	238
273	310
6	169
98	157
173	281
168	213
93	348
127	281
81	141
38	277
16	31
96	218
84	198
207	349
28	335
104	184
98	289
144	220
116	250
157	350
68	167
107	115
190	211
238	272
48	52
36	145
48	351
207	351
106	180
59	99
145	351
15	124
187	306
293	352
105	132
146	154
124	320
46	129
350	353
240	323
198	222
107	206
98	330
45	107
268	354
240	257
30	50
15	70
47	84
29	103
180	355
221	289
25	56
30	53
2	300
43	211
120	244
317	356
37	101
98	213
173	235
54	149
149	162
176	322
247	357
63	247
262	333
10	322
172	258
324	355
56	358
66	161
14	184
33	293
70	236
183	299
10	359
167	171
174	353
93	106
145	289
156	209
345	358
352	360
231	290
169	270
35	148
39	281
156	172
249	272
182	361
26	123
10	92
126	154
224	249
269	357
178	362
54	293
48	83
239	279
122	147
155	233
149	254
346	363
139	285
180	357
74	282
283	348
119	147
329	364
253	317
168	289
265	315
209	297
6	208
109	242
333	365
156	330
59	300
186	190
6	98
9	286
255	303
150	366
28	186
1	139
85	292
30	41
36	63
38	284
223	367
173	328
25	220
70	323
232	293
52	90
134	359
25	368
97	287
96	182
255	319
248	251
49	217
99	181
272	369
293	360
109	341
69	283
41	300
158	226
147	156
147	370
121	201
284	301
125	257
72	129
139	261
97	186
298	371
222	304
71	156
229	278
208	303
152	368
236	323
367	372
188	218
241	362
75	121
97	313
53	138
104	276
99	373
28	38
219	359
145	207
72	180
96	281
31	146
57	374
89	174
309	362
100	186
48	68
63	320
304	364
1	375
32	33
29	113
118	186
169	344
106	154
139	263
30	376
44	345
269	368
202	208
71	303
102	143
36	305
48	377
11	28
162	240
165	233
188	328
96	141
165	272
231	378
88	359
17	231
248	289
205	364
82	158
29	80
88	379
36	271
195	322
209	262
47	90
99	288
44	358
83	380
234	291
105	182
6	71
29	140
210	264
128	232
37	381
67	166
316	362
270	340
196	315
24	239
345	382
17	53
74	172
83	149
104	339
203	263
351	377
55	383
9	10
241	309
140	267
74	219
242	337
270	308
234	384
99	355
277	350
120	366
63	357
152	266
21	38
215	385
32	198
52	81
12	83
79	380
10	188
73	370
56	386
56	382
145	350
71	255
123	374
9	98
271	310
138	387
204	311
197	350
79	111
237	360
110	139
60	242
356	388
56	81
214	360
19	262
5	376
119	138
25	163
202	389
86	375
5	53
50	280
6	150
49	294
241	390
105	367
62	144
46	255
203	217
63	328
111	149
217	391
235	320
41	93
98	350
245	277
15	287
223	372
321	392
6	42
14	283
289	350
12	103
24	150
202	285
359	393
183	316
15	22
382	386
105	252
3	213
117	394
79	243
126	184
94	322
155	288
203	309
225	395
19	333
130	341
44	386
6	29
25	293
251	292
373	396
49	261
46	193
50	375
101	239
252	376
358	382
300	397
187	375
6	185
24	120
56	283
88	393
59	280
236	398
268	340
291	385
219	337
99	199
342	375
177	399
130	132
233	279
266	303
193	318
120	272
8	304
379	400
345	347
236	387
13	145
188	281
19	68
331	401
6	118
9	61
44	182
272	366
133	252
142	402
281	320
50	326
42	110
205	255
278	297
140	174
260	403
264	402
37	41
61	315
231	272
334	337
312	404
96	104
102	179
49	76
358	386
229	390
178	300
341	405
243	380
38	87
253	356
173	182
180	373
154	406
57	236
47	83
20	366
257	323
287	314
165	192
110	407
47	357
12	66
255	364
228	273
309	390
263	371
193	408
28	203
5	71
193	214
75	239
288	315
118	302
64	409
6	120
299	309
323	387
191	399
173	320
114	118
403	410
325	337
232	352
158	332
120	231
49	332
89	411
63	335
46	58
97	203
82	91
71	89
76	332
11	412
4	292
251	289
185	375
200	306
236	295
19	413
160	210
365	374
86	131
234	385
244	275
61	112
166	414
153	247
93	122
355	373
98	344
124	182
168	415
192	304
85	370
18	398
225	284
21	133
244	320
106	416
173	318
155	346
10	283
253	388
260	367
153	212
93	417
6	25
265	346
94	393
201	392
36	310
290	366
208	418
64	159
69	122
155	363
39	320
115	183
205	358
322	419
1	96
159	237
38	324
158	237
58	81
219	420
224	413
63	281
218	402
75	276
7	93
200	255
247	421
67	144
309	348
145	353
247	337
148	207
152	276
340	422
136	422
134	393
214	301
105	188
99	106
78	294
180	423
173	335
15	358
290	420
200	414
116	284
116	424
61	229
334	339
247	308
118	228
48	194
178	289
315	425
122	221
225	232
202	278
208	278
24	238
123	426
85	156
269	308
219	295
24	267
2	74
196	427
325	334
48	76
102	112
117	240
5	229
166	428
234	273
64	402
237	312
160	264
131	363
66	83
72	429
119	353
46	200
4	172
187	339
139	234
126	430
129	273
158	242
26	289
21	275
225	293
355	396
259	431
90	270
38	232
156	347
263	397
209	333
261	273
135	432
318	408
6	77
326	432
29	48
44	221
93	433
17	160
309	342
20	174
8	266
79	159
70	210
223	434
43	276
304	422
59	180
127	235
277	435
206	239
39	168
126	350
107	151
70	387
348	433
378	436
324	396
230	301
176	419
194	363
53	120
168	248
115	437
342	407
219	236
169	368
197	276
69	184
292	370
369	438
273	385
299	431
62	220
118	342
162	398
345	386
211	439
46	201
221	350
166	239
178	219
178	440
16	208
147	168
260	352
265	363
6	141
374	441
188	320
290	326
21	231
132	401
237	404
9	442
100	110
219	393
308	325
179	232
10	186
192	274
413	443
375	381
209	413
291	384
47	48
164	299
224	376
261	444
6	292
136	432
35	124
15	88
165	290
86	176
91	445
164	234
125	323
157	353
108	129
24	38
61	346
214	446
78	407
60	83
234	424
6	281
34	49
190	210
321	447
49	116
219	300
9	225
176	441
41	234
46	317
282	448
91	105
107	108
221	277
2	293
214	381
405	449
15	382
70	257
262	326
197	376
34	410
34	54
287	450
33	360
121	265
165	275
145	168
198	311
12	401
353	451
162	323
57	117
316	326
263	442
30	435
1	261
396	452
168	172
277	292
299	394
46	115
157	289
217	453
121	268
46	408
13	62
277	376
127	392
44	454
5	65
218	320
9	257
149	212
129	319
415	455
74	330
187	312
212	254
112	437
39	99
157	352
436	456
273	453
274	363
197	435
66	368
12	46
61	265
87	457
54	179
248	292
9	79
1	60
2	129
56	458
123	441
52	305
113	149
213	221
265	288
155	425
314	459
82	295
172	289
55	206
69	268
107	200
284	436
147	460
116	379
7	155
5	249
147	289
108	370
372	434
279	461
85	145
50	435
183	236
148	351
60	81
168	462
142	343
46	156
137	175
430	458
177	314
219	424
149	463
150	231
217	261
235	301
150	174
206	462
10	151
284	464
386	458
62	107
131	296
193	446
192	244
240	398
143	465
27	203
294	407
205	260
345	454
104	416
109	466
108	193
323	398
201	354
137	140
99	396
34	467
70	117
144	206
122	350
194	380
187	232
243	468
378	456
47	68
209	286
125	240
53	375
41	221
411	469
228	264
338	427
263	285
82	130
178	225
363	439
290	470
106	121
367	403
223	376
52	96
250	404
25	328
57	471
110	234
169	370
261	299
274	431
200	336
40	198
319	472
20	192
163	425
203	273
275	310
258	353
17	162
340	473
9	152
30	187
168	455
18	300
128	375
365	474
257	387
150	441
205	351
245	305
176	185
24	44
32	475
80	416
18	387
33	53
7	328
22	240
240	385
394	476
319	364
150	165
193	239
181	184
417	433
337	357
297	477
107	411
162	386
128	426
320	328
139	453
25	478
104	146
56	454
16	244
117	285
349	351
303	311
374	479
18	170
22	51
66	478
131	425
65	131
453	480
271	394
179	464
32	377
189	401
86	265
205	367
69	481
121	280
269	325
89	144
282	344
213	344
429	454
391	482
231	366
16	307
163	265
318	411
206	208
67	231
399	483
92	198
42	61
116	400
18	471
163	363
110	160
400	484
35	55
233	315
120	271
27	261
342	415
21	31
82	485
44	90
314	435
252	367
161	238
173	361
47	486
24	125
415	462
109	445
33	79
91	119
159	487
297	333
48	274
299	476
199	283
337	421
5	168
375	488
26	248
147	347
355	452
144	151
66	142
48	167
357	489
163	315
89	208
186	412
54	241
20	272
352	490
169	183
82	486
74	423
139	480
95	453
20	98
302	491
278	413
114	265
336	442
78	234
7	346
58	167
95	492
333	477
359	379
218	328
101	227
38	434
343	402
120	493
141	399
304	443
51	184
114	148
4	289
9	149
279	494
166	285
72	208
97	263
70	325
139	190
201	386
323	495
105	298
198	399
108	151
29	247
320	346
149	237
5	496
263	264
85	157
332	404
297	365
65	185
318	497
61	120
38	67
278	333
85	289
262	413
318	469
131	498
17	376
202	333
101	208
392	447
109	198
21	310
413	499
209	347
114	346
40	132
149	198
342	366
25	147
478	500
26	172
49	95
131	288
249	496
201	423
191	356
395	501
182	391
212	237
50	275
35	118
17	368
144	208
27	502
434	442
103	159
155	498
76	113
116	484
256	466
293	503
57	387
236	374
303	364
133	192
186	309
15	454
72	504
13	85
226	401
275	290
228	342
181	283
259	505
283	416
67	356
76	149
140	289
263	309
419	506
385	453
221	245
354	423
39	97
146	406
380	468
470	507
66	70
288	363
23	107
107	112
114	498
144	318
269	508
390	436
55	57
5	377
296	345
105	430
77	427
294	509
62	129
136	211
326	413
6	86
127	320
96	510
43	409
112	183
122	168
48	149
77	266
66	500
158	511
97	496
147	350
22	236
137	450
31	122
128	175
494	512
152	478
94	116
204	425
8	478
32	103
116	208
436	513
16	418
295	486
93	244
364	472
36	88
197	434
46	514
217	412
13	227
54	360
39	126
68	91
212	463
90	515
40	77
10	500
73	326
85	168
100	139
148	254
140	516
250	332
122	516
240	374
174	227
43	70
422	473
99	517
421	513
219	240
132	412
30	89
92	141
183	374
325	518
183	216
330	347
41	248
42	93
344	516
367	442
379	519
341	449
258	451
385	480
367	410
222	399
41	213
329	520
2	17
21	378
230	381
72	521
358	403
469	497
75	133
20	236
23	47
360	490
375	522
5	234
10	49
196	363
56	95
182	212
88	420
11	523
431	505
17	127
26	128
234	285
386	413
179	293
414	524
139	203
119	445
374	426
88	424
382	458
265	508
405	525
15	81
131	346
165	244
291	306
127	447
272	290
275	526
202	423
268	392
40	505
1	488
245	446
434	435
87	527
227	381
244	290
16	82
41	299
46	237
49	202
43	528
263	306
240	426
165	369
179	395
136	515
270	515
170	529
333	343
21	93
348	416
4	258
143	395
130	243
159	530
264	272
17	210
137	168
1	522
120	310
26	531
201	517
321	517
131	209
488	522
105	361
53	98
29	532
334	492
168	292
206	415
389	482
161	272
199	533
235	510
228	385
449	525
17	500
14	433
367	510
116	534
105	190
73	145
335	361
62	419
98	108
150	304
418	535
70	471
221	248
367	434
89	112
211	409
348	536
97	238
293	300
41	428
58	66
76	83
269	334
81	537
105	260
199	268
429	501
221	287
322	424
286	297
134	538
333	389
48	79
105	218
395	465
20	488
51	199
354	539
37	428
362	390
200	239
62	101
12	175
367	420
454	540
109	486
345	458
443	499
166	303
248	258
176	393
41	541
265	425
39	235
268	533
108	137
37	414
84	487
354	542
287	350
188	501
241	248
17	323
123	387
393	538
305	543
34	97
53	262
227	230
14	180
268	283
243	467
26	544
48	81
70	544
24	33
286	413
262	297
97	244
258	545
90	256
264	457
297	326
30	78
7	335
48	148
19	546
317	388
106	339
181	199
227	279
77	95
7	433
464	547
217	342
31	121
328	510
94	494
222	483
397	450
81	548
173	510
70	398
137	455
43	97
52	543
59	240
36	549
196	425
44	540
98	186
87	95
223	403
185	522
359	550
56	238
303	329
281	328
22	94
100	228
187	489
7	551
84	149
411	497
11	234
273	302
85	460
131	387
104	552
231	436
112	144
252	435
191	420
9	18
220	478
309	553
54	225
308	357
126	417
66	421
5	308
412	523
285	554
301	381
102	522
12	209
316	365
124	328
314	365
352	555
210	496
335	510
262	443
238	369
46	429
76	91
469	556
183	234
175	413
190	217
44	102
334	421
152	500
435	557
23	101
28	275
95	263
417	430
196	346
81	91
185	558
275	369
92	380
76	90
304	541
36	192
6	114
509	559
269	339
227	233
405	447
85	282
159	413
128	386
519	560
191	368
68	160
65	166
310	378
13	359
277	367
409	561
120	165
152	254
246	471
7	361
141	305
533	562
324	373
147	531
35	413
234	554
172	174
322	420
325	563
162	448
5	454
80	201
267	307
15	262
302	480
18	564
111	130
14	72
26	61
33	334
175	351
163	427
256	565
379	409
51	339
108	240
35	149
77	541
4	68
551	566
5	462
322	506
85	217
30	48
322	534
321	354
455	567
178	390
75	77
14	257
198	548
174	192
82	568
120	436
136	247
32	259
35	333
74	344
108	411
19	569
155	209
53	488
56	74
147	292
161	165
409	519
373	570
95	261
159	198
154	201
30	122
43	77
270	357
331	571
68	77
42	62
67	108
261	480
104	201
30	43
14	572
419	424
268	562
94	400
280	406
330	448
56	258
196	573
110	306
234	407
72	151
127	143
54	442
20	88
130	574
77	85
181	533
30	91
393	420
48	349
177	222
126	575
82	274
268	571
56	344
359	420
197	304
169	195
211	576
130	405
100	342
274	505
324	452
329	472
24	480
152	577
160	326
245	367
30	260
50	367
2	28
66	578
342	385
41	176
56	61
108	381
264	309
50	579
444	480
66	577
315	427
70	97
78	306
101	580
433	572
392	562
230	494
282	460
185	488
132	571
187	581
88	322
308	340
156	531
11	385
118	273
278	373
386	582
419	420
379	560
207	487
41	346
307	378
363	397
530	583
430	433
59	121
199	201
408	497
190	194
163	288
306	584
135	413
73	286
121	180
240	304
306	385
9	202
311	585
185	275
154	430
416	536
546	562
206	473
422	586
437	515
204	565
123	479
65	367
56	416
74	415
539	587
146	373
276	575
29	189
51	75
294	559
156	178
559	588
206	383
74	251
77	137
136	207
9	292
30	525
188	589
352	503
52	532
29	153
277	305
122	195
185	581
375	590
227	458
132	194
320	510
252	403
24	272
202	329
121	591
9	187
282	287
151	166
314	474
435	442
580	592
333	413
193	200
322	359
22	33
91	568
286	333
198	593
275	367
500	577
178	293
68	216
17	122
207	254
521	594
216	266
270	489
22	488
50	400
13	367
97	396
248	595
269	340
112	383
110	412
543	581
176	420
54	309
391	596
93	275
81	496
340	508
387	398
478	577
425	597
295	402
219	419
2	503
100	203
33	503
282	516
161	598
25	577
328	335
95	110
164	217
166	356
244	272
161	599
49	492
598	599
141	308
146	430
50	522
109	295
99	600
132	313
408	429
348	430
79	158
310	436
372	410
301	601
214	227
316	432
365	477
16	144
87	186
446	602
50	194
210	573
112	208
178	322
204	399
544	603
354	587
187	272
112	227
384	554
183	426
551	581
481	604
17	285
56	276
50	331
197	367
386	540
451	545
241	605
155	427
353	545
272	275
228	480
92	111
243	313
492	606
417	458
425	501
95	422
128	522
148	175
325	340
386	607
260	435
125	387
27	58
23	227
39	218
24	369
518	608
223	410
245	435
138	164
211	561
128	542
409	576
540	609
145	455
408	446
65	521
181	276
24	174
224	479
434	610
42	164
55	101
122	268
90	91
274	295
366	493
222	611
41	229
372	435
257	471
6	92
1	192
54	232
112	612
105	412
106	348
212	295
358	454
385	555
561	613
51	268
106	184
10	41
90	133
110	217
148	149
429	614
123	471
381	414
60	149
326	553
248	353
15	386
214	615
227	319
42	74
69	604
421	492
1	81
21	85
284	616
205	437
24	98
269	422
536	605
77	321
227	612
245	617
102	225
244	510
313	327
11	232
290	432
588	618
374	387
426	441
168	178
72	418
235	588
433	536
305	619
46	253
441	471
146	268
482	596
100	502
534	572
245	620
366	369
95	502
88	198
50	211
38	542
102	132
617	621
22	68
176	484
104	202
277	372
382	540
139	164
302	622
348	390
63	510
279	381
136	489
133	401
445	568
325	623
222	314
344	448
148	171
143	239
522	581
30	299
539	624
83	91
497	556
266	329
464	616
315	363
223	617
374	625
104	417
212	568
134	534
94	534
367	620
110	264
40	626
219	550
142	421
278	286
98	233
11	342
347	596
499	627
14	471
86	488
95	139
283	604
81	312
95	117
477	628
73	124
93	481
12	91
272	470
410	434
303	629
246	466
426	471
5	337
168	221
132	380
101	630
158	312
45	504
369	526
19	137
596	631
223	610
17	577
318	446
19	123
148	404
30	95
414	632
205	252
184	268
245	621
116	178
87	228
20	549
581	633
246	256
116	167
287	344
420	484
103	198
359	424
580	634
410	442
52	91
98	172
9	53
438	526
219	484
243	635
133	562
304	602
416	433
269	623
43	488
24	636
372	403
21	83
73	413
240	601
16	27
97	201
608	637
267	310
75	348
297	316
120	599
226	254
133	486
316	638
398	426
124	255
219	605
167	194
209	268
170	464
336	639
207	442
196	265
54	266
83	266
94	437
19	286
305	640
228	453
13	372
56	263
472	520
166	205
383	641
252	372
607	625
38	367
251	282
141	574
338	573
403	642
95	345
455	462
192	422
299	385
293	490
22	176
25	643
106	187
348	417
14	417
8	643
108	364
223	642
223	644
39	462
30	434
249	512
209	326
233	265
244	433
588	645
5	142
8	262
523	537
242	259
6	162
323	426
432	646
437	494
261	385
58	149
120	470
229	306
202	546
332	647
325	608
39	551
163	346
211	247
153	421
386	395
636	648
104	150
131	427
267	271
255	468
276	283
347	415
274	649
229	348
76	92
99	268
164	394
35	380
386	454
457	650
558	581
95	606
297	413
228	310
291	584
323	651
375	581
15	96
580	630
213	277
363	387
447	562
339	652
105	414
25	182
370	460
217	375
548	593
6	247
102	653
303	520
221	506
354	634
9	382
125	398
269	608
91	654
28	378
24	648
518	563
20	374
97	617
70	655
135	294
184	304
134	192
389	546
9	174
61	656
274	445
133	541
107	516
439	561
33	395
260	620
344	657
27	62
132	133
53	214
484	550
98	370
581	658
66	402
31	268
474	527
496	593
6	60
256	593
128	659
237	295
137	542
5	335
116	616
30	312
294	342
469	660
29	357
230	612
6	370
86	581
328	551
123	231
578	661
97	590
247	423
64	198
339	581
92	295
288	425
169	662
167	339
199	362
308	425
348	572
81	523
145	347
73	663
537	548
133	152
67	388
14	181
520	589
481	664
9	108
249	388
24	542
8	541
128	212
441	461
514	665
66	138
61	248
77	354
167	274
300	424
278	389
456	666
227	315
204	327
90	551
110	186
618	645
48	90
422	667
424	534
63	216
106	181
6	546
91	485
107	214
536	668
50	488
129	200
446	615
271	369
116	393
448	657
32	669
375	659
454	469
203	476
314	399
445	505
9	175
476	670
17	636
392	404
224	496
92	574
3	363
118	134
269	671
28	310
401	486
502	606
66	661
360	381
390	672
608	623
61	654
138	471
213	541
40	141
518	673
111	144
604	664
81	130
157	595
153	308
300	541
439	674
256	295
7	131
19	278
165	598
190	391
541	675
587	624
482	631
7	510
334	551
46	467
413	627
333	676
474	477
558	633
225	621
30	391
278	365
36	186
303	677
127	218
30	245
88	560
88	249
105	485
62	502
483	678
112	239
559	618
382	609
62	200
273	309
20	244
456	679
134	391
429	469
150	424
17	58
132	626
429	446
649	680
315	381
237	647
146	199
285	442
370	649
111	158
204	681
287	415
56	609
105	235
54	107
19	326
99	363
28	682
352	403
26	28
423	517
127	328
324	423
119	344
113	683
144	200
514	645
387	655
128	237
13	172
674	684
488	581
263	606
248	531
346	508
407	509
54	170
532	685
168	344
40	422
40	83
220	239
44	458
338	425
376	686
131	315
116	359
215	384
211	422
136	667
192	322
331	687
81	90
592	634
123	651
184	201
345	608
172	287
83	688
39	589
464	529
243	341
282	292
7	120
365	638
465	689
239	446
623	637
561	576
135	297
590	659
392	517
602	690
489	515
150	332
271	378
111	136
215	217
65	277
121	691
272	526
377	669
146	481
290	369
331	486
354	624
225	692
39	566
169	661
232	464
38	376
661	662
252	260
250	693
265	296
358	607
289	576
307	673
118	299
248	282
238	694
543	558
479	625
66	117
65	289
190	261
69	180
291	695
255	329
178	360
412	453
1	579
182	510
151	414
336	696
150	369
297	347
189	331
541	648
164	236
158	404
633	697
133	675
231	310
19	365
88	519
36	272
84	141
198	698
160	209
27	161
180	348
561	674
34	132
179	465
107	699
15	238
6	418
227	451
120	122
94	427
229	496
3	700
142	305
422	623
128	488
103	141
290	310
80	417
608	701
255	304
31	237
199	373
332	351
80	276
644	702
86	288
163	169
443	627
232	412
620	621
27	606
620	703
154	247
324	570
263	342
88	538
179	362
58	295
348	704
541	599
402	440
98	531
134	560
171	332
542	624
114	705
241	440
294	332
256	463
145	516
330	415
165	187
496	706
79	92
130	159
84	266
20	231
64	91
51	562
596	707
10	379
56	152
374	488
463	568
131	573
65	520
231	708
170	360
66	689
3	123
208	535
6	399
123	398
644	709
9	135
101	279
97	623
86	114
119	213
34	90
634	710
57	441
42	253
120	378
190	385
315	458
318	429
653	711
98	412
474	628
15	609
131	277
47	683
326	333
554	712
41	81
38	185
87	203
182	345
248	447
229	706
260	713
13	403
226	331
11	480
113	130
7	24
432	668
465	714
134	231
23	411
240	471
216	693
456	513
170	465
491	715
175	212
164	391
386	609
382	454
577	661
15	116
255	716
17	643
153	225
389	532
174	442
7	487
153	211
553	717
152	662
233	286
480	542
242	610
287	342
253	408
204	718
125	374
361	668
127	679
197	202
34	505
382	417
306	719
5	218
137	157
278	499
577	662
63	689
38	178
307	720
214	461
32	83
157	451
518	637
28	523
12	90
532	721
94	541
306	496
184	591
559	645
147	248
292	442
603	722
589	638
347	382
195	420
192	307
232	395
113	198
431	723
94	450
217	294
301	436
167	295
46	212
202	724
56	589
336	385
195	340
182	328
159	204
467	468
637	725
2	225
170	241
104	481
208	329
102	465
264	303
575	726
407	559
28	98
77	159
115	156
102	293
35	701
540	727
84	343
9	105
465	501
202	574
301	446
478	661
617	728
85	172
101	458
376	403
97	314
206	255
52	243
672	729
192	694
360	465
197	713
82	574
84	463
226	312
640	730
3	251
592	630
115	504
64	576
121	219
164	444
203	731
396	423
202	413
379	393
5	706
46	437
196	296
431	732
3	265
74	289
328	361
66	662
46	356
169	577
376	733
478	662
9	577
36	84
43	400
217	482
529	585
575	734
126	403
223	385
160	500
582	607
584	719
34	311
385	735
77	675
162	655
62	208
11	408
153	256
708	736
197	274
445	486
72	594
125	390
348	382
46	107
448	737
170	585
279	280
62	535
275	442
207	295
476	731
278	738
244	307
323	374
425	693
291	735
397	424
17	478
238	739
169	499
75	433
399	678
331	380
177	678
10	609
404	740
48	103
439	576
484	534
87	342
246	593
442	509
439	741
130	468
415	567
187	488
30	463
15	393
101	115
70	742
290	378
621	728
277	403
73	506
321	542
203	385
451	743
102	362
204	314
59	321
102	711
350	516
347	567
3	744
25	200
360	362
408	469
268	591
216	374
334	368
337	745
32	688
240	387
421	579
344	415
368	661
78	217
218	746
199	355
192	272
181	339
319	468
4	77
214	262
569	747
51	321
548	577
203	264
48	525
6	450
457	527
10	748
168	353
345	540
4	287
167	232
110	385
341	445
589	749
57	94
657	737
630	634
304	725
275	307
496	690
107	750
302	715
350	434
160	413
148	349
522	658
308	671
169	751
278	326
211	357
210	323
439	684
257	398
308	421
83	752
686	733
546	724
471	715
620	728
368	577
296	498
548	753
91	142
330	737
80	321
498	705
5	486
87	234
694	754
488	659
465	545
65	621
379	484
355	423
400	534
298	755
278	565
182	320
250	295
87	367
92	142
191	253
509	756
286	546
271	456
199	524
148	176
368	500
186	264
404	757
53	522
26	293
115	129
151	697
586	623
152	575
321	758
543	619
5	434
345	607
280	355
491	622
326	736
534	759
84	237
244	708
143	232
295	332
200	580
233	427
272	760
208	279
153	416
454	458
200	293
315	338
493	748
221	761
129	208
26	213
537	593
369	760
14	562
222	459
426	762
403	435
113	175
664	742
17	447
73	297
207	216
465	763
255	602
100	190
372	557
426	479
255	293
263	385
761	764
277	713
111	401
56	324
442	555
20	577
454	609
685	765
210	706
440	605
55	69
9	239
309	717
45	101
473	766
186	263
200	385
316	443
387	426
323	471
736	767
306	581
244	442
8	675
110	453
218	235
492	502
720	768
254	341
547	701
208	504
184	737
313	593
533	591
316	769
288	597
454	727
425	511
130	144
208	428
629	677
465	770
155	705
222	710
448	516
300	535
173	551
20	165
702	771
25	94
102	503
304	675
31	161
202	262
124	364
238	772
1	182
362	365
286	316
242	431
592	710
240	441
242	773
484	500
299	342
684	741
140	248
414	428
375	385
624	774
108	594
96	328
238	754
273	345
104	321
200	630
106	775
168	531
714	763
470	493
346	427
231	580
48	198
121	776
508	569
238	493
134	164
40	130
186	234
161	493
466	777
343	487
45	446
122	525
429	504
104	183
307	708
470	778
424	673
400	420
191	483
120	307
427	495
235	779
496	602
27	103
358	458
191	222
45	780
299	554
363	561
47	77
210	274
11	139
470	526
381	781
338	363
296	610
608	673
36	760
330	596
503	782
30	686
216	303
80	737
363	498
58	654
243	783
326	560
24	290
81	92
231	456
325	357
35	784
148	187
182	218
51	102
48	55
434	686
582	609
442	785
43	99
5	671
401	626
47	81
133	189
176	359
487	786
305	343
120	682
35	477
49	531
412	480
191	787
54	605
59	528
386	499
101	166
77	599
92	788
234	502
170	692
47	270
109	207
617	620
141	320
756	789
10	420
547	758
318	750
41	97
31	321
454	607
243	790
35	297
387	441
77	341
558	658
252	275
153	269
443	791
42	302
70	426
410	620
52	127
39	335
382	727
697	792
541	639
37	446
430	536
81	254
45	214
356	428
309	793
345	732
85	133
94	471
15	214
100	453
28	369
777	794
149	448
205	293
3	240
6	188
3	370
294	618
728	795
17	519
385	502
205	304
160	477
240	553
238	378
260	796
230	319
328	459
245	410
80	613
374	606
197	600
626	797
16	184
53	139
344	737
293	602
247	325
397	535
749	798
25	500
493	739
97	762
563	623
216	332
42	190
201	799
53	581
124	499
367	713
442	640
11	217
128	147
488	800
52	159
101	592
196	262
366	682
256	308
659	678
612	801
695	735
9	122
522	657
375	502
130	167
22	323
664	802
271	513
20	442
179	616
132	274
364	602
452	570
396	803
303	472
22	441
462	491
88	419
384	584
435	713
775	804
123	569
286	784
490	555
155	700
339	667
254	331
404	805
187	659
420	424
127	566
315	573
572	704
363	458
364	806
90	111
286	432
208	381
9	316
30	411
50	380
327	807
219	224
115	144
231	304
2	267
124	293
210	333
510	808
197	548
639	696
106	804
412	430
12	422
604	809
197	733
90	149
306	593
227	386
197	252
36	682
808	810
689	763
63	578
249	706
622	715
20	206
13	160
786	811
77	452
166	227
213	761
366	407
364	370
199	331
779	812
400	550
487	811
196	744
179	770
504	594
146	536
752	813
227	345
470	599
307	369
365	589
311	327
263	617
283	814
197	729
635	783
325	745
614	664
146	417
454	501
359	815
101	634
217	596
134	367
223	252
244	310
689	714
784	816
245	403
72	419
702	709
186	553
93	219
401	797
272	817
129	230
203	306
352	464
42	342
72	239
65	252
757	818
225	440
72	144
174	458
609	619
276	344
362	672
414	819
43	463
526	759
376	519
262	265
760	817
189	274
208	820
667	706
707	758
228	542
509	645
508	608
291	336
473	821
162	231
181	814
255	351
71	212
90	401
565	822
18	44
312	548
2	360
418	504
71	446
147	823
293	442
93	775
6	498
239	255
195	484
395	824
168	595
397	561
1	463
273	285
245	685
129	494
326	825
574	780
6	265
116	381
102	178
85	223
113	158
404	826
6	205
100	217
620	651
584	695
64	515
369	513
593	827
89	101
41	337
252	277
361	551
673	701
597	828
16	504
396	570
235	812
335	551
387	564
36	244
397	829
191	305
102	501
419	441
35	266
283	433
77	634
333	830
141	788
30	829
36	654
384	500
77	259
407	502
231	831
440	692
695	719
266	305
53	659
175	305
195	379
493	832
488	658
228	294
235	281
28	513
392	542
121	804
525	833
225	362
384	695
329	602
152	230
205	520
207	274
599	834
352	465
76	130
133	582
44	166
162	564
267	378
413	835
47	154
100	273
249	707
159	583
139	491
658	836
248	304
203	670
487	530
112	151
486	568
38	514
680	837
77	140
253	437
109	172
169	658
365	389
445	463
257	838
442	670
285	457
257	426
501	614
258	743
556	660
279	839
9	785
466	794
150	367
634	748
508	518
11	336
739	840
151	632
324	589
66	760
11	193
101	107
18	107
719	841
63	551
6	88
162	831
62	437
15	400
255	383
709	842
675	678
31	575
340	608
267	682
248	315
77	629
707	843
235	361
154	775
426	611
627	791
310	510
36	187
226	844
6	442
267	272
262	389
356	437
15	458
383	612
311	845
94	420
100	385
53	558
69	416
196	656
365	738
196	846
213	282
42	234
171	404
253	494
321	417
195	393
645	847
6	269
74	176
510	551
422	671
25	569
82	270
576	848
171	576
253	469
9	501
473	671
352	541
226	341
715	849
150	237
44	96
142	218
305	446
358	417
337	563
810	850
70	374
37	437
276	417
53	615
567	729
285	306
470	851
55	200
6	84
701	709
46	780
169	820
256	827
34	852
517	799
137	282
220	535
57	651
56	436
401	687
278	853
483	611
398	762
42	309
145	460
195	658
137	415
706	854
540	582
128	392
132	662
245	266
128	590
11	203
67	855
258	344
406	430
227	743
368	478
501	689
200	856
138	323
440	621
99	348
558	836
285	342
354	857
422	821
275	366
322	484
78	459
63	589
65	403
594	858
154	562
169	643
125	712
11	19
174	386
304	836
244	859
277	410
83	813
270	337
190	215
558	697
284	503
161	860
586	637
97	102
145	451
356	855
532	543
227	781
420	861
395	692
17	372
306	602
310	549
463	525
250	751
775	862
521	858
97	772
384	735
258	737
683	863
481	536
59	385
249	854
422	505
57	426
85	99
581	864
317	494
3	315
264	707
136	326
500	749
373	452
333	865
305	730
130	148
231	369
319	458
29	194
217	234
449	866
109	243
53	92
33	362
240	838
446	620
174	366
79	867
435	475
392	426
80	799
69	197
89	514
242	515
717	868
630	710
573	785
635	790
53	378
658	864
688	752
334	869
5	742
173	566
405	866
167	266
96	870
270	473
317	514
509	618
599	851
72	437
12	198
461	871
97	269
77	442
363	655
446	614
281	450
177	787
722	872
219	374
381	428
97	579
109	153
214	287
133	589
156	873
249	692
113	141
6	283
164	306
229	656
218	510
210	874
87	652
644	771
69	776
32	698
11	212
215	735
834	875
38	253
188	335
165	215
340	515
319	716
355	773
431	876
372	610
1	659
408	504
195	506
172	593
69	775
382	877
379	576
89	521
288	427
619	640
240	479
44	254
536	878
97	706
414	580
260	621
68	274
265	666
618	756
663	879
259	325
316	646
104	652
206	630
372	376
73	389
792	880
457	689
692	824
509	588
75	704
451	516
520	881
196	297
50	205
415	737
66	194
709	771
399	593
312	882
257	374
167	207
58	583
17	557
587	857
233	363
297	883
364	437
408	556
700	744
94	233
225	245
30	410
423	884
504	535
110	294
160	278
45	206
143	501
101	446
379	885
206	592
548	882
60	68
25	43
596	843
67	239
172	886
135	278
117	186
169	376
133	715
266	701
758	887
158	574
697	880
6	157
418	442
342	793
237	274
617	888
47	76
558	659
205	602
499	875
70	838
467	635
50	889
247	671
185	658
432	737
102	306
230	479
112	890
224	706
21	244
59	291
488	770
30	737
138	194
539	891
164	264
564	665
26	479
350	370
110	299
454	877
371	892
116	688
9	125
98	353
103	211
529	616
544	875
566	893
179	397
95	203
7	265
517	884
393	534
306	894
330	675
565	606
201	339
174	636
116	506
274	876
617	895
346	597
59	348
383	592
323	655
319	806
127	456
70	896
59	417
54	503
284	601
384	719
238	290
228	715
523	897
325	422
165	366
556	737
633	864
73	499
352	599
757	898
202	326
726	734
160	319
13	376
54	119
214	871
743	899
55	60
12	689
166	803
13	68
471	622
384	712
765	900
587	774
236	488
98	840
223	888
219	506
71	716
679	901
554	735
122	470
453	502
210	854
225	309
5	11
788	902
376	435
78	95
245	532
388	512
146	575
160	496
16	903
6	48
320	807
472	881
577	806
187	201
334	513
484	904
89	255
217	631
10	785
294	351
301	461
297	627
47	905
539	607
11	333
43	718
275	760
77	640
61	723
198	906
246	794
251	818
41	675
18	374
400	889
468	574
523	907
432	478
56	829
389	499
19	393
162	374
471	651
19	908
159	493
3	112
9	621
66	751
20	238
603	872
289	909
586	814
244	283
246	445
834	851
279	634
643	751
42	910
252	905
372	644
361	566
778	851
61	612
417	529
775	911
303	437
401	844
419	484
26	902
59	202
90	148
680	912
509	706
591	804
754	772
100	286
384	502
203	394
702	913
148	574
153	313
125	471
554	584
223	621
257	495
456	914
42	554
212	246
358	622
647	796
275	658
19	485
767	915
41	129
20	255
306	656
347	737
290	760
343	811
648	916
566	589
108	637
541	756
31	505
65	733
23	428
213	917
6	616
153	305
379	534
494	612
200	411
410	713
251	918
32	78
7	705
70	564
128	658
478	737
387	625
122	919
202	286
431	773
89	227
152	183
39	328
118	622
517	920
446	501
482	843
538	758
140	251
582	884
336	894
575	921
630	739
442	846
435	766
324	416
108	166
396	623
703	922
322	538
22	257
332	424
6	179
340	357
105	815
579	923
82	198
116	121
97	662
475	766
136	487
241	360
63	924
98	378
10	506
527	650
425	828
331	662
661	751
637	925
539	542
891	913
592	612
165	735
469	494
309	731
667	926
11	306
191	619
9	363
579	659
221	370
189	254
104	927
639	756
5	58
275	320
324	542
97	777
195	820
684	928
658	659
29	683
319	520
862	911
897	907
154	339
433	929
327	585
260	728
577	751
78	480
342	527
261	306
174	930
50	553
196	365
64	158
147	664
116	693
576	684
344	931
1	694
173	812
19	825
404	818
552	927
402	760
260	932
8	109
113	207
761	917
72	107
287	347
34	845
880	933
354	774
501	913
499	853
126	252
39	361
335	924
589	934
399	718
683	905
581	667
182	551
161	244
229	308
12	935
490	503
119	508
429	660
625	842
551	589
463	827
377	936
618	847
135	166
6	689
204	243
380	701
366	509
836	937
697	933
34	752
238	840
27	444
178	370
855	938
110	527
116	464
380	790
279	458
510	810
627	883
341	939
42	606
586	791
676	830
754	936
382	393
260	277
843	940
474	738
116	445
442	491
225	241
215	412
491	846
130	941
493	840
4	909
399	619
129	512
335	589
42	700
709	942
258	516
56	168
135	333
538	887
216	404
395	429
62	943
283	846
224	264
15	615
395	734
516	737
579	889
381	944
156	595
390	656
103	683
206	780
329	794
649	876
180	945
604	814
86	579
125	634
662	751
188	370
627	835
92	946
205	319
138	838
6	354
42	412
261	345
6	199
843	947
368	662
494	497
415	630
240	577
832	840
302	596
220	948
402	421
483	619
99	184
120	195
37	411
19	747
473	949
292	462
65	97
499	609
35	615
216	365
64	349
576	950
222	725
35	790
585	845
7	9
696	756
9	815
193	951
250	647
658	748
168	350
258	657
220	512
407	588
112	952
40	274
258	292
349	402
252	610
714	770
694	739
48	953
90	113
326	365
178	309
116	560
90	141
163	954
365	625
6	119
231	549
511	693
47	671
53	658
388	955
492	949
17	43
137	488
146	348
636	930
170	284
334	956
132	229
168	251
818	898
554	719
9	516
34	149
127	957
159	304
505	913
384	407
12	49
146	235
544	564
306	958
6	451
400	506
437	952
22	532
225	616
375	658
290	959
821	834
379	420
423	456
103	130
424	484
466	958
28	960
193	437
579	590
33	241
9	444
165	307
349	953
352	961
129	202
525	568
251	757
229	315
164	342
708	720
785	962
274	322
338	810
276	433
244	960
194	211
297	738
787	963
295	485
213	448
6	304
835	883
138	374
170	293
109	964
449	785
472	806
85	353
222	787
40	158
170	417
20	965
60	401
500	545
545	743
473	515
557	766
490	541
909	966
454	671
507	778
215	480
416	652
161	274
536	604
940	967
638	910
461	637
134	834
656	846
217	306
120	636
914	968
543	667
84	88
717	793
141	237
836	864
234	264
480	969
831	964
687	797
697	864
493	598
383	580
210	879
338	970
180	184
464	961
3	103
185	633
203	453
477	615
384	971
71	286
26	168
29	158
142	446
272	456
148	266
873	972
145	221
302	391
240	917
7	779
46	665
45	973
520	602
675	918
59	838
352	854
589	625
631	974
443	586
67	202
498	787
282	917
787	816
479	913
905	975
669	698
224	854
504	858
268	348
177	963
6	820
147	976
83	487
55	208
280	396
245	728
245	895
344	541
465	977
631	843
243	624
15	877
673	691
87	306
544	872
125	978
41	263
530	786
377	698
358	664
250	688
125	149
977	979
75	116
305	308
168	282
227	383
143	219
228	596
307	980
588	847
16	122
625	638
90	380
196	597
5	874
256	981
356	938
192	906
97	854
270	671
366	965
151	227
599	982
511	574
398	441
501	774
199	348
413	908
30	728
198	983
386	727
504	660
388	855
189	683
135	522
323	762
166	984
38	601
155	954
56	578
183	254
364	520
62	428
744	985
45	200
90	768
38	41
551	808
40	52
486	844
439	986
253	428
400	419
451	612
93	154
442	962
388	514
281	987
411	429
192	549
466	964
137	448
424	506
133	906
476	988
466	924
10	815
31	201
232	659
72	214
1	590
955	989
339	551
160	713
99	137
185	659
280	430
105	335
400	990
719	958
274	879
37	239
228	618
105	551
104	991
143	630
133	977
405	568
209	830
284	352
189	211
791	992
218	419
10	90
596	962
96	987
20	267
493	993
112	214
684	986
518	586
491	849
522	590
593	619
41	994
210	830
44	987
213	516
453	606
90	152
794	964
114	995
455	460
97	794
69	552
487	529
1	658
111	194
75	996
93	99
210	338
405	468
179	763
52	104
564	655
307	997
679	914
597	744
428	446
163	248
135	500
72	101
792	998
120	267
224	372
512	692
29	613
428	504
239	414
173	999
186	285
125	426
130	162
33	83
566	944
839	1000
189	199
71	504
242	422
388	437
668	878
78	509
6	315
583	786
453	631
328	360
276	400
418	903
199	354
232	440
462	486
84	270
138	380
282	370
409	439
864	937
133	238
436	470
420	787
34	159
302	618
559	713
315	966
105	442
433	878
225	501
549	831
558	579
694	772
14	276
251	415
294	645
207	964
471	620
180	283
859	960
55	188
172	353
661	925
755	874
530	811
96	320
543	697
185	579
192	275
175	295
25	897
211	889
520	629
146	814
110	228
633	937
659	697
59	384
166	629
577	578
163	498
270	905
271	694
230	364
349	576
971	994
169	210
326	569
581	937
125	625
275	326
150	351
584	712
221	229
157	347
734	824
30	58
205	820
193	381
736	915
685	900
53	436
771	942
352	412
598	982
294	302
607	877
6	353
389	506
183	969
209	239
161	834
285	298
262	278
553	793
127	914
249	602
313	777
119	545
15	727
298	892
68	141
796	932
307	326
418	820
122	292
262	853
249	372
318	494
8	230
363	970
246	568
211	270
128	240
115	535
165	229
389	676
385	424
174	760
749	934
508	666
165	860
560	885
428	984
206	634
379	688