16	21
13	22
9	23
18	23
23	24
8	25
2	23
9	24
3	26
5	26
6	27
2	18
8	28
25	29
25	28
27	30
8	29
6	30
20	31
17	31
22	32
22	33
32	33
10	34
13	33
28	29
5	23
25	30
2	35
13	32
18	33
30	36
7	28
32	37
20	38
31	38
33	39
27	36
14	40
6	36
13	37
3	41
20	41
26	41
19	26
11	42
2	43
22	39
28	44
35	43
5	30
13	39
24	29
31	45
8	44
11	35
7	46
32	39
37	39
19	47
29	41
33	37
25	44
42	48
40	49
22	37
1	50
28	46
29	44
12	30
40	51
38	45
14	51
18	52
15	35
11	48
31	53
15	26
4	54
14	49
11	34
20	45
36	55
49	51
38	53
20	56
21	57
15	22
45	53
3	15
49	58
15	31
51	59
16	57
53	54
43	60
14	59
34	61
15	17
35	60
2	60
20	62
27	55
10	61
20	53
51	58
37	63
26	48
39	63
5	12
17	36
18	64
6	55
35	42
42	65
34	46
61	66
10	66
56	62
2	67
30	66
43	67
58	59
27	68
11	65
1	54
52	64
40	59
19	69
27	70
60	67
55	70
33	63
15	71
38	47
34	66
50	52
65	72
32	63
49	59
7	73
35	58
53	56
40	58
10	74
48	65
14	58
38	75
46	73
22	63
20	75
26	76
12	57
26	49
11	72
17	77
1	69
48	72
70	78
66	74
5	50
63	79
13	63
31	56
47	69
41	76
31	80
62	75
32	79
57	64
66	81
56	80
33	79
27	82
56	75
6	70
31	75
3	83
62	80
55	68
42	72
42	84
10	81
65	84
55	78
6	82
56	85
72	84
48	84
11	84
6	68
5	86
45	87
21	24
27	78
29	88
12	32
56	86
36	78
24	47
73	85
2	24
43	89
45	75
53	75
3	76
8	88
34	72
46	90
73	90
38	62
60	89
35	62
41	83
69	91
30	78
13	79
68	70
45	62
85	92
19	91
68	82
74	81
80	86
61	69
26	93
28	88
12	71
3	93
60	94
75	85
61	74
47	91
12	95
43	88
6	39
41	93
28	43
24	96
6	78
31	62
83	93
53	85
38	56
33	97
55	82
55	93
20	98
23	96
78	99
43	94
44	88
6	99
32	72
20	100
45	56
19	24
25	88
21	101
44	48
51	77
77	102
30	55
21	66
9	26
100	103
55	99
37	79
53	100
49	104
63	97
62	98
42	68
64	70
98	105
53	103
89	94
53	62
2	89
77	106
38	85
102	106
39	79
11	26
63	107
2	94
79	97
59	104
21	108
2	21
58	104
80	98
17	30
89	109
30	68
57	108
36	70
26	83
91	110
80	105
47	110
9	111
33	107
14	104
73	109
57	101
6	64
52	112
40	104
31	85
22	79
47	90
111	113
16	101
97	107
17	106
67	89
59	114
101	108
76	93
16	108
17	102
20	85
14	115
76	83
56	103
103	116
13	107
69	110
75	98
45	100
31	117
71	82
19	110
85	117
32	107
64	118
70	80
27	99
7	90
35	89
24	111
36	119
13	97
98	100
34	104
39	107
67	120
79	107
20	103
64	121
18	118
67	94
44	81
64	112
49	114
39	97
91	122
118	121
38	80
22	107
47	122
2	120
50	123
110	122
70	82
33	76
40	114
23	124
44	71
6	93
30	119
22	97
110	125
34	74
62	100
59	115
49	83
65	126
68	99
36	82
62	87
6	119
56	100
116	127
21	89
20	54
48	71
42	126
75	128
13	76
51	104
1	123
14	114
46	129
48	126
112	121
36	125
23	111
18	89
10	130
72	126
62	85
27	92
129	131
7	129
122	125
63	132
52	118
29	80
2	109
38	98
91	125
89	133
37	107
38	87
79	132
11	126
23	113
73	134
19	125
9	129
53	116
56	98
23	135
84	126
19	122
56	87
42	136
44	74
89	120
69	122
136	137
126	136
18	35
13	35
75	105
126	138
49	77
78	139
24	135
45	85
80	88
49	115
36	99
88	140
62	74
34	130
84	134
104	114
29	141
97	132
75	80
100	116
20	87
18	121
55	119
56	142
41	57
74	130
60	133
42	135
27	119
47	125
72	143
20	80
37	132
31	116
13	132
7	134
17	20
135	144
92	117
80	103
48	143
129	134
105	145
26	111
42	137
23	144
70	139
7	146
98	103
76	77
9	135
87	98
107	147
85	100
53	127
12	148
8	141
22	132
34	81
33	41
70	119
112	118
56	149
142	149
58	115
68	139
6	139
90	134
39	147
110	150
75	100
31	105
64	119
126	143
125	151
94	109
90	129
45	127
62	103
122	150
104	152
37	147
120	133
91	150
33	147
20	117
72	137
90	153
53	98
75	142
96	124
68	119
150	154
31	142
47	134
126	137
122	151
58	114
74	155
69	125
87	142
63	147
56	128
28	141
84	137
18	156
90	146
76	105
123	154
34	155
3	156
122	154
100	157
45	98
55	139
51	152
69	118
96	111
43	158
52	121
45	142
19	93
65	143
85	98
5	159
114	152
78	82
51	114
94	158
132	147
61	160
127	142
55	157
79	147
123	134
47	84
34	161
72	138
105	142
113	124
155	161
86	159
153	162
44	140
113	144
118	156
61	155
40	153
151	163
111	135
37	97
122	163
47	150
146	153
60	164
130	161
53	149
91	142
13	147
73	129
55	165
69	163
46	131
43	46
73	153
116	142
114	115
145	166
75	87
35	67
91	159
89	167
94	120
19	150
85	87
150	163
6	165
51	115
72	168
8	140
45	95
53	80
67	158
137	169
133	167
48	168
65	136
81	130
33	132
62	116
135	170
139	165
65	137
23	170
88	158
69	171
2	101
109	120
87	103
96	144
2	133
104	115
72	172
10	155
130	155
34	43
142	145
154	163
22	147
64	173
129	146
32	132
146	162
71	141
75	174
46	146
34	160
129	153
11	137
53	142
131	153
101	175
11	143
35	114
67	167
28	140
72	136
96	176
61	81
45	103
110	163
11	136
26	30
84	177
124	136
131	162
56	157
54	115
49	152
42	169
28	178
68	78
20	116
14	152
144	170
87	105
70	179
9	124
108	175
36	68
43	122
90	131
115	152
83	180
68	165
124	176
113	176
109	158
19	154
9	144
84	181
5	19
45	80
67	109
99	119
24	144
82	139
150	182
155	160
31	98
59	152
43	120
8	178
179	183
160	161
116	117
41	180
27	165
47	184
40	115
125	150
93	180
66	130
39	132
62	185
45	185
55	179
43	58
64	156
107	132
59	186
60	120
59	154
115	186
140	178
15	60
123	187
50	187
120	158
30	70
172	188
119	139
55	183
54	163
27	125
36	189
96	170
60	158
133	158
35	158
138	168
1	187
11	190
124	144
105	117
121	173
137	177
93	99
19	163
107	191
27	179
32	147
29	76
82	183
67	192
10	161
97	147
126	172
25	140
24	113
57	175
129	193
85	185
74	161
118	173
130	160
99	139
129	194
52	156
82	119
110	154
7	153
31	100
55	189
185	195
111	144
89	158
69	154
68	72
147	196
13	191
94	192
80	85
18	173
75	103
136	197
48	137
111	124
61	130
58	152
38	100
53	128
79	198
106	144
9	113
131	181
137	138
73	131
56	199
106	192
32	196
67	133
84	190
151	154
100	200
82	189
57	69
112	156
146	193
76	180
121	156
49	201
120	167
62	117
46	153
9	176
158	167
21	175
90	202
45	157
81	155
13	158
24	124
6	179
96	113
98	203
53	92
117	127
147	191
12	107
151	204
122	184
11	197
77	127
144	176
23	176
59	205
141	178
100	174
39	198
18	112
78	119
13	206
33	206
127	157
111	176
116	207
30	139
48	169
165	183
92	149
38	128
18	111
183	208
87	100
22	198
103	174
157	188
10	160
62	209
125	171
145	149
2	158
35	197
122	210
109	167
67	164
19	210
48	172
100	209
147	211
115	205
139	189
27	139
45	199
109	133
59	201
20	212
94	133
99	189
103	105
181	190
168	169
117	213
33	191
152	201
74	160
83	214
167	192
100	142
40	152
118	122
99	187
179	197
179	215
58	186
51	186
47	151
24	151
79	191
119	183
176	216
94	167
22	196
125	154
45	105
55	208
125	163
86	217
24	170
168	172
25	178
23	216
53	118
70	99
145	218
88	178
93	214
14	205
31	92
49	186
76	219
95	148
128	142
170	216
105	116
119	165
83	220
14	201
79	211
68	179
96	135
55	215
137	168
114	221
189	215
43	167
166	218
88	141
72	169
43	109
55	222
44	178
109	192
44	141
186	205
46	162
212	223
87	116
29	178
18	79
47	154
36	139
132	198
90	224
137	172
92	185
87	174
7	54
63	198
70	225
152	186
113	135
29	217
46	193
110	226
49	205
152	205
110	151
96	216
66	160
89	227
122	204
97	191
132	211
66	155
196	211
47	228
201	205
124	187
75	116
126	168
208	222
138	229
27	215
49	221
30	82
27	72
32	97
109	230
105	213
133	192
81	161
81	160
200	209
191	211
177	231
126	181
94	230
87	200
109	217
135	216
176	232
107	198
117	207
184	204
55	225
80	100
28	233
137	231
178	233
41	219
20	142
157	185
25	141
74	234
184	228
85	142
190	197
16	175
150	228
14	221
215	235
66	234
5	217
170	176
35	94
108	236
136	169
41	75
6	183
114	205
77	237
86	147
6	189
127	149
52	173
129	162
38	238
99	215
71	113
56	105
75	203
139	183
17	237
39	239
73	194
162	193
30	99
36	179
69	204
48	190
11	240
204	210
105	218
31	103
93	220
180	219
116	157
75	241
34	173
37	191
47	163
70	183
206	242
33	242
164	192
40	205
36	222
169	231
31	213
181	243
23	47
124	135
103	142
116	200
138	177
93	244
20	223
35	133
15	53
100	105
181	197
5	245
113	170
48	231
101	236
73	193
14	186
88	246
44	246
40	186
61	161
81	234
34	234
198	247
121	164
55	235
51	205
78	179
180	220
120	192
126	248
184	210
98	127
217	219
186	221
42	172
67	227
75	249
66	161
203	241
122	226
21	236
5	57
10	234
97	250
135	176
114	186
91	163
85	249
12	86
71	251
214	244
63	115
113	216
150	151
161	234
144	252
53	213
152	221
105	166
136	231
82	215
208	235
230	253
163	210
112	173
124	216
9	252
58	201
131	193
89	254
153	193
105	107
16	236
5	66
134	189
87	255
62	213
20	149
50	112
41	134
147	206
48	181
142	256
86	245
94	227
99	257
214	220
59	221
75	238
181	231
104	205
150	226
128	258
37	196
33	198
20	256
12	22
126	231
143	168
128	259
185	249
85	105
166	236
24	252
10	260
76	214
178	246
13	198
43	227
163	172
127	185
160	261
37	57
159	245
7	194
67	254
106	262
70	165
11	67
99	235
91	171
19	171
33	211
231	263
63	191
126	243
133	227
134	184
2	230
107	252
147	264
202	224
214	251
73	162
107	196
46	251
2	170
75	265
159	217
3	219
102	237
87	209
183	200
130	234
191	266
61	234
204	228
134	153
192	227
111	252
187	267
63	206
109	227
37	264
11	77
91	204
145	213
51	268
114	201
68	189
60	167
2	167
7	269
233	246
114	268
191	198
151	228
136	168
29	140
64	270
118	270
169	197
91	228
9	96
124	232
219	220
92	271
160	260
140	246
31	87
82	179
8	246
94	164
137	272
25	233
93	219
157	200
67	230
210	228
48	273
25	246
107	206
80	212
152	268
53	203
254	274
48	240
42	168
155	234
184	226
67	274
234	260
59	275
155	260
85	103
3	220
2	227
42	188
80	116
200	276
96	252
69	150
15	251
6	222
63	239
167	254
41	277
52	270
66	260
180	214
83	219
121	270
137	175
170	278
175	236
223	256
21	81
122	182
156	173
171	210
242	279
107	211
142	255
36	257
180	244
55	257
165	280
96	232
124	252
120	227
23	232
50	267
204	281
24	176
91	154
98	265
2	254
54	85
195	249
281	282
83	244
185	209
211	264
140	141
35	271
250	283
158	192
41	120
57	236
198	206
9	170
187	284
83	277
39	211
186	201
5	267
16	24
53	87
111	285
28	235
105	241
169	273
216	232
267	284
203	286
75	145
123	233
222	235
117	169
82	99
109	287
131	146
65	172
103	127
177	229
48	138
167	288
107	247
90	193
154	171
58	205
144	216
220	250
115	289
104	268
133	288
130	260
89	230
117	166
71	290
51	201
106	237
28	246
51	221
176	252
5	162
95	291
33	57
40	275
71	218
258	259
45	166
165	179
120	292
220	260
29	233
210	212
56	258
72	248
160	234
175	293
218	241
48	136
37	250
13	250
60	109
163	294
102	284
68	225
75	207
50	284
107	242
164	295
48	229
133	164
56	218
221	268
209	213
111	216
82	296
161	260
229	240
117	223
53	199
13	211
38	157
61	297
97	211
79	239
137	197
10	297
17	262
97	206
183	298
43	292
216	252
127	199
176	278
99	183
176	299
42	138
148	291
116	218
50	120
7	95
166	300
93	277
149	218
46	194
110	228
71	86
205	221
229	301
26	219
161	297
44	233
210	294
55	296
126	169
287	302
1	284
2	253
35	164
6	280
128	255
55	280
150	303
189	257
81	260
92	127
137	188
31	203
124	170
266	304
73	146
52	209
111	170
156	270
286	305
88	100
22	211
117	256
236	293
298	306
21	293
3	180
58	221
157	276
145	265
5	307
32	211
73	202
157	199
193	224
23	299
287	308
132	196
40	221
67	288
43	287
109	309
54	78
136	190
216	229
69	281
80	142
238	310
15	290
107	250
126	197
138	273
199	213
225	296
151	311
255	258
201	221
128	145
114	289
108	293
35	109
153	312
1	267
265	267
32	191
158	274
96	278
127	313
120	267
46	224
42	143
130	297
45	212
225	257
200	314
154	182
23	252
84	143
9	216
237	262
48	243
184	315
74	260
199	203
101	293
68	183
115	221
163	184
87	316
114	275
132	206
6	208
122	228
120	309
122	294
4	317
207	238
90	312
73	269
202	312
87	127
130	261
93	318
151	171
177	263
32	206
23	278
70	215
102	262
149	319
143	240
60	295
94	253
72	231
72	229
234	261
42	320
198	242
40	201
76	277
247	250
19	151
118	228
143	321
136	181
11	168
254	288
32	264
149	213
180	277
178	322
149	255
81	261
238	249
69	282
241	265
171	228
144	323
24	216
61	260
204	226
70	189
103	265
123	267
111	324
85	271
72	177
23	245
52	223
44	322
168	273
120	325
134	277
208	215
104	221
196	264
7	162
146	326
123	284
147	155
12	291
235	257
41	220
53	327
6	296
194	202
225	265
87	92
78	328
66	297
97	247
207	223
46	134
100	271
80	159
323	329
39	247
139	328
249	271
26	214
204	315
204	282
304	330
29	322
191	206
3	260
119	328
11	331
103	316
266	330
287	292
177	301
116	185
192	325
211	332
9	323
134	139
7	193
60	287
221	275
91	151
44	333
182	317
203	305
186	229
134	193
99	328
260	297
81	334
13	247
165	202
252	295
226	282
149	335
154	210
138	197
53	271
14	268
111	232
172	336
174	207
84	188
181	229
187	244
9	324
302	308
46	337
34	260
74	297
274	288
182	210
48	331
25	338
71	241
109	288
61	261
27	280
223	238
207	256
230	339
263	301
167	274
187	249
139	280
152	289
147	250
287	340
110	204
47	53
230	274
251	290
38	73
58	341
16	293
203	218
47	210
199	286
165	215
42	177
238	342
179	189
6	298
103	258
205	268
222	280
195	343
234	297
62	142
214	219
191	239
183	306
75	117
295	344
168	336
227	292
11	231
166	203
144	324
55	80
75	345
7	131
206	264
221	341
97	242
61	334
228	346
172	190
3	214
174	203
82	344
70	235
102	292
181	347
70	208
9	329
33	247
42	181
101	318
176	324
242	348
212	256
36	165
297	347
220	277
164	227
191	304
88	349
169	177
31	212
30	245
198	211
76	220
182	226
207	350
122	346
77	262
111	278
70	72
73	128
24	351
73	312
276	314
56	212
55	306
88	322
333	352
66	261
74	334
235	328
193	269
47	311
26	277
106	353
56	327
193	194
132	264
54	317
97	198
256	354
224	312
220	318
43	309
214	318
137	248
19	83
23	355
96	323
151	226
77	157
131	343
195	228
30	356
278	324
19	228
154	228
43	133
310	342
305	357
43	230
131	337
186	240
63	289
32	198
225	358
143	229
135	245
120	295
23	329
200	271
19	66
197	359
173	270
219	244
38	213
11	172
69	360
168	190
219	318
131	312
68	84
42	361
217	245
253	339
77	215
161	261
136	177
91	184
271	362
169	263
84	229
35	120
134	327
237	353
249	363
6	215
95	100
179	225
180	187
196	250
59	91
209	364
69	182
47	282
292	340
130	334
91	226
337	365
28	193
201	268
302	340
219	277
292	295
210	281
219	366
2	309
62	95
34	261
32	250
97	264
144	351
253	367
176	323
185	218
189	222
62	364
82	368
51	170
90	194
57	293
89	288
265	345
48	369
171	204
75	200
77	353
98	212
168	331
47	370
138	231
3	277
110	346
47	182
82	225
292	302
346	371
85	345
150	311
157	286
179	298
49	268
244	318
133	372
145	300
91	360
152	341
163	228
8	233
65	373
41	244
185	276
154	226
70	306
128	149
229	321
53	374
94	325
7	312
200	238
104	201
126	373
214	277
47	375
317	350
11	181
152	275
262	353
110	371
363	376
221	289
38	103
100	212
70	222
92	212
136	263
267	377
184	360
85	241
128	327
13	304
34	297
375	378
23	324
88	333
115	351
37	283
330	379
148	379
35	359
47	378
46	133
48	177
105	255
112	380
79	196
78	257
19	281
177	240
41	223
38	88
112	381
280	298
97	196
170	232
35	325
226	303
240	273
13	382
182	207
62	105
120	344
3	366
207	249
325	344
307	383
249	310
79	247
102	353
43	308
29	333
339	367
357	384
138	143
145	203
206	385
91	346
196	206
134	194
53	223
41	214
176	285
4	386
114	153
28	322
179	306
110	253
245	307
128	241
49	387
80	87
308	340
280	306
67	309
282	370
243	331
17	388
114	387
227	253
150	210
150	204
140	338
197	389
115	268
234	334
118	271
64	139
25	333
33	390
137	243
22	206
73	224
247	283
151	371
213	391
78	296
162	194
149	203
291	381
109	164
337	392
159	184
37	198
9	278
98	117
276	286
175	272
358	393
55	356
23	158
265	300
217	242
42	197
315	360
338	394
161	334
322	333
91	290
97	390
171	395
296	328
121	133
111	355
168	248
286	314
380	396
171	182
208	257
308	309
32	385
232	278
115	201
115	397
170	382
104	186
135	252
307	389
11	138
92	199
195	398
126	347
40	268
200	207
107	264
55	328
319	335
166	399
60	340
92	362
221	233
300	399
134	175
70	400
229	243
120	254
198	264
192	253
2	295
348	401
51	127
44	338
60	372
45	374
143	172
152	402
44	352
117	313
38	212
242	401
317	386
103	157
81	403
135	329
41	318
171	346
25	349
152	387
35	404
303	311
186	289
125	228
304	379
35	295
89	274
368	405
224	269
89	309
3	318
54	403
92	203
135	278
116	406
295	325
232	303
216	299
89	340
38	116
30	215
200	407
7	163
143	181
75	259
98	364
193	312
208	280
188	408
129	224
61	403
143	177
94	339
190	331
149	300
275	409
225	280
87	159
245	383
137	408
264	385
185	410
248	336
236	251
162	224
288	340
266	379
59	170
326	411
54	386
207	342
222	328
35	309
10	261
227	325
152	412
133	274
174	286
12	162
292	308
392	413
222	225
255	300
223	310
69	228
63	242
90	414
232	355
27	328
206	279
65	231
150	346
174	276
163	415
26	162
212	213
35	274
249	410
95	312
56	117
339	416
33	304
11	188
402	412
121	381
370	375
19	184
283	417
322	338
177	181
275	289
43	288
164	274
309	340
157	418
54	153
5	383
273	331
187	203
158	287
265	399
252	419
39	382
13	332
65	361
165	225
53	241
187	377
350	420
191	330
261	297
72	188
217	307
59	95
54	210
133	421
309	404
244	277
158	325
174	350
35	254
138	181
203	422
26	220
29	246
210	386
122	171
312	320
100	117
82	423
135	232
37	206
138	172
157	407
346	360
303	424
174	265
56	374
254	344
75	223
30	165
108	405
353	425
54	296
40	341
222	400
32	143
134	146
158	308
318	426
241	399
230	403
25	322
207	420
192	254
39	106
54	427
211	330
107	283
234	403
145	305
254	309
226	428
219	426
76	156
64	380
64	396
226	346
186	268
267	429
140	322
132	191
384	427
201	289
301	321
76	318
254	430
144	285
276	410
323	324
5	48
128	213
189	235
2	431
106	252
366	426
367	416
120	432
37	385
91	118
100	149
40	233
150	294
343	427
158	433
243	369
20	169
126	321
144	278
94	287
105	434
289	402
46	312
327	374
27	225
246	338
73	255
70	435
217	383
182	375
235	435
129	312
67	229
279	401
158	436
85	434
218	327
145	319
279	348
113	232
133	230
412	437
159	307
33	196
35	433
195	276
23	419
364	438
355	419
89	325
39	206
8	322
135	323
364	402
339	439
54	271
20	166
94	309
264	279
207	345
310	363
207	440
164	253
148	154
32	266
200	213
86	383
21	441
153	326
101	441
145	399
158	267
120	404
281	360
421	442
174	305
257	328
54	92
104	383
160	297
178	338
295	443
117	142
17	70
278	336
271	314
193	337
199	258
82	444
236	441
241	300
337	413
122	370
14	397
297	445
180	318
6	328
20	316
275	387
60	302
164	340
77	446
259	327
246	322
11	389
61	445
127	203
100	185
386	447
312	414
47	226
342	440
166	255
269	307
156	396
44	448
407	418
192	274
209	438
199	255
155	297
68	280
227	449
367	439
108	441
3	60
111	323
7	326
89	287
407	450
8	123
15	98
45	116
145	241
146	194
306	435
303	451
208	306
319	377
136	143
63	304
152	397
240	331
377	452
278	323
213	374
103	364
227	367
85	327
240	453
228	370
403	445
32	247
39	264
154	294
293	441
87	454
188	248
205	275
6	17
29	338
311	451
221	387
382	455
206	247
84	168
70	88
170	252
57	441
209	276
148	456
7	78
83	318
341	402
92	213
303	428
24	457
189	400
39	250
81	297
132	242
377	429
291	430
94	458
368	423
277	318
14	341
138	169
62	313
47	229
183	459
167	372
234	279
10	334
257	435
50	377
257	306
105	460
57	178
223	354
101	426
230	287
307	457
261	461
89	192
37	211
162	202
405	423
151	294
179	444
101	462
238	276
97	431
17	353
4	427
165	257
177	188
104	463
151	184
289	412
268	341
74	403
79	250
260	261
426	464
33	332
218	410
82	113
75	95
40	409
429	465
113	252
72	389
380	381
308	325
230	309
16	462
41	466
7	307
168	263
13	266
239	250
253	254
314	362
401	467
40	387
291	456
90	162
68	423
88	338
137	468
111	457
183	235
79	206
134	162
140	233
249	265
172	469
88	116
209	223
155	261
255	256
208	459
193	414
438	470
220	426
311	371
25	352
93	426
128	212
112	396
75	471
239	330
337	414
51	412
371	451
125	204
268	289
413	472
253	288
233	352
280	296
187	452
53	391
193	202
194	473
133	295
386	427
248	263
285	355
154	204
238	241
300	474
265	429
91	182
124	295
100	238
50	429
424	428
15	475
113	324
42	329
416	439
288	421
43	192
266	385
121	476
137	331
262	388
275	293
30	235
37	247
243	468
438	477
58	268
54	150
176	419
327	434
87	199
14	275
280	478
34	403
400	435
194	312
124	133
153	343
263	273
310	479
296	306
228	303
53	185
281	370
182	184
95	275
208	480
95	456
468	480
399	474
332	390
237	388
236	462
36	481
159	383
174	209
80	117
126	188
94	439
238	297
315	482
53	256
111	419
248	273
305	384
98	142
233	338
137	483
427	447
76	244
90	326
25	394
127	255
170	324
356	484
441	462
69	178
90	337
62	127
143	248
158	340
391	485
9	299
44	394
195	410
6	257
143	320
442	486
308	436
332	382
277	426
53	117
143	247
250	264
482	487
174	200
51	54
172	361
397	416
408	447
173	381
116	488
24	419
182	228
297	403
25	118
315	487
116	256
220	489
71	475
89	439
52	381
59	123
369	468
258	286
257	490
109	404
34	64
204	482
52	476
61	461
27	127
198	491
189	435
129	202
336	469
183	480
133	309
79	279
361	492
206	250
206	211
21	462
311	375
190	359
413	414
129	493
24	285
305	350
39	196
332	494
66	245
139	179
76	270
45	460
83	426
117	300
340	495
188	347
134	337
43	51
80	200
125	226
125	360
323	496
125	184
107	382
39	455
360	487
183	189
3	244
37	497
60	443
283	385
325	404
182	426
74	261
222	498
166	212
38	178
19	204
386	410
196	304
9	457
432	499
264	401
237	446
54	498
93	489
62	255
16	441
174	500
406	488
303	346
230	288
189	298
72	321
71	119
248	501
190	273
85	116
62	316
299	419
420	440
70	481
370	502
62	89
386	403
120	164
175	462
235	298
304	382
42	503
164	167
234	445
249	362
7	414
162	473
228	371
285	504
226	228
25	448
38	193
383	463
284	377
175	441
237	505
35	192
92	125
365	392
309	339
273	359
296	298
368	506
292	443
40	412
125	481
123	452
28	333
112	291
269	507
147	198
47	346
117	212
241	474
91	395
142	300
148	508
157	174
12	456
136	138
133	439
120	439
102	425
252	509
37	455
153	224
11	353
181	369
107	279
154	315
307	510
459	480
216	329
126	369
93	464
27	444
302	372
60	511
28	352
128	185
58	289
29	448
142	212
68	215
141	512
18	270
18	476
277	466
186	216
250	304
34	143
358	513
11	220
110	171
355	504
99	179
60	254
219	466
99	514
124	355
109	433
342	420
199	256
57	226
220	244
203	515
55	490
5	510
169	172
127	213
382	390
310	376
500	516
307	341
320	503
202	493
428	451
217	510
291	508
323	517
12	508
328	514
134	493
123	377
8	448
54	234
210	518
2	274
323	419
118	159
67	295
403	427
314	519
261	334
375	451
156	381
146	312
31	223
401	520
268	387
342	345
57	247
317	447
54	284
129	473
167	521
123	429
284	429
18	396
25	512
259	522
125	311
214	426
72	503
91	282
467	520
134	224
481	523
53	515
284	374
155	198
166	213
164	523
234	461
98	524
18	381
41	464
133	287
4	295
104	289
79	264
450	525
169	181
95	123
147	332
115	341
4	447
78	235
392	526
247	417
96	419
39	283
239	279
40	437
37	401
167	527
118	333
223	342
110	182
405	445
140	495
235	514
141	528
195	218
244	423
97	455
116	174
135	324
288	442
376	529
223	241
267	465
120	230
30	189
364	477
241	286
397	530
147	161
113	323
82	506
275	397
93	466
337	531
287	288
76	426
83	466
78	183
242	467
220	366
277	532
164	230
95	508
342	350
405	506
158	511
238	533
74	461
307	351
54	447
345	471
352	448
199	218
9	534
18	380
8	512
69	415
84	136
274	436
345	420
359	535
108	462
29	235
253	439
292	344
23	323
219	489
354	536
200	342
240	359
57	390
19	482
126	190
419	504
461	537
176	329
141	233
48	197
407	525
130	403
128	178
459	538
10	347
116	276
66	445
6	173
203	213
73	539
295	309
292	325
343	398
30	183
244	426
90	473
195	540
77	425
313	466
82	235
149	200
47	103
248	469
496	541
173	380
102	388
1	429
132	250
305	314
23	285
16	542
48	321
100	438
159	510
169	336
216	323
15	287
165	543
141	322
274	325
290	519
464	519
356	490
105	127
508	544
282	360
308	383
92	313
199	305
57	163
179	296
280	545
156	380
385	417
206	417
299	504
276	364
215	306
238	546
456	508
397	402
213	515
211	250
1	377
93	366
415	547
240	535
61	537
125	182
218	286
44	528
270	380
100	548
94	274
313	362
385	497
521	527
70	358
2	164
160	549
254	325
19	182
180	532
59	268
23	457
392	414
284	550
167	292
404	433
89	433
258	364
47	428
91	315
457	551
103	300
187	550
193	539
296	545
223	316
107	348
249	552
185	241
109	340
353	505
345	399
138	240
205	341
276	553
115	387
174	516
38	546
350	440
256	300
42	544
8	554
32	491
306	356
352	528
85	391
157	203
146	539
189	555
456	544
11	243
39	385
361	469
237	556
153	194
276	519
96	509
123	151
228	451
4	252
103	557
117	203
215	257
402	530
143	190
21	137
414	473
306	558
423	506
21	542
119	280
70	257
75	185
238	347
105	559
49	289
204	303
75	276
109	295
79	242
199	314
471	560
122	518
113	418
346	395
264	497
176	351
401	497
286	561
418	450
15	37
300	319
77	505
517	556
139	222
61	562
274	309
189	423
497	520
23	351
288	521
198	250
450	563
33	106
283	497
115	402
334	403
128	153
33	348
224	564
65	197
42	163
43	294
329	355
65	389
303	360
192	565
97	312
44	241
13	494
46	326
95	320
58	275
239	566
115	412
299	355
249	256
92	116
356	502
426	532
513	567
144	232
263	321
150	184
63	283
363	552
12	544
246	568
212	238
380	545
93	532
260	403
54	387
104	341
176	569
291	544
230	295
51	275
65	181
85	203
142	570
84	138
274	287
184	346
119	189
341	475
343	540
339	571
288	446
151	210
156	476
80	434
358	481
321	456
389	572
183	222
462	542
271	519
297	334
215	280
131	414
320	573
69	547
126	229
321	389
186	275
119	400
192	309
219	574
123	465
151	282
203	399
220	464
221	409
559	575
132	247
247	264
119	435
64	381
381	476
350	500
480	576
434	559
144	504
349	352
258	327
338	352
71	287
139	577
445	461
224	507
59	226
149	241
135	504
315	346
452	578
383	510
358	400
86	510
422	515
305	362
95	544
423	579
31	127
394	512
115	275
197	535
326	337
125	210
563	580
392	472
284	353
48	468
113	225
450	580
115	530
3	581
196	239
142	395
160	403
69	184
279	382
409	437
302	582
204	424
197	369
14	289
161	403
423	555
103	117
568	583
81	461
43	295
286	519
298	444
238	474
374	434
315	584
429	550
166	265
472	556
213	327
170	299
60	585
197	263
259	374
231	248
159	403
182	204
185	407
518	586
362	519
459	576
74	445
251	475
274	308
76	464
385	587
472	526
65	391
105	132
317	427
256	440
208	435
312	588
393	513
185	258
145	207
372	582
192	430
115	132
243	589
164	302
75	212
161	461
20	105
24	329
146	224
241	590
26	136
86	313
180	426
475	553
14	387
111	329
284	591
257	296
245	510
321	347
344	404
206	304
189	356
179	592
137	361
86	307
52	380
59	289
194	539
398	540
108	593
218	265
128	157
100	213
106	388
295	433
17	425
154	594
75	118
205	437
257	280
217	235
204	395
191	247
126	595
318	366
123	591
39	191
65	168
184	370
242	596
306	545
111	504
177	320
429	591
22	247
403	496
390	597
362	384
340	404
72	197
162	337
298	598
118	380
142	305
249	345
149	515
163	226
55	506
459	599
151	518
141	338
109	565
186	387
215	344
549	600
149	223
279	566
343	475
396	476
434	575
188	469
161	601
153	539
173	476
525	580
285	299
522	602
496	517
219	581
2	192
87	548
35	372
148	523
18	603
10	461
51	387
141	448
260	461
484	490
6	235
589	604
163	182
105	276
153	473
195	256
85	485
550	591
414	605
261	403
55	435
316	548
13	88
358	606
160	600
184	375
309	421
2	47
57	71
254	292
147	607
190	240
200	203
190	248
388	425
22	191
519	553
34	608
194	337
41	94
103	203
444	592
281	385
224	337
35	609
198	279
41	426
64	226
13	348
288	344
232	424
183	610
178	349
82	257
78	498
26	244
127	241
28	89
569	611
288	309
270	437
345	391
36	157
473	493
140	612
75	127
27	183
134	326
278	285
198	239
480	538
478	613
121	380
267	408
246	583
256	310
234	537
203	335
167	614
303	371
200	410
103	212
300	557
481	513
65	138
472	615
98	157
104	387
167	309
126	263
227	344
33	554
477	616
133	308
177	247
20	207
26	318
90	493
164	344
283	617
454	548
329	504
67	240
168	181
184	451
145	256
104	618
209	271
38	310
394	499
139	235
87	117
272	408
74	619
20	213
2	511
24	504
220	532
172	177
54	127
489	620
350	516
105	570
122	360
424	482
48	347
576	621
193	326
140	235
238	286
181	336
202	326
38	276
155	622
129	337
168	197
211	304
89	614
123	550
270	623
120	585
326	473
165	222
480	621
63	211
172	197
283	624
54	95
410	571
2	433
56	259
17	505
393	567
327	625
170	457
109	253
82	592
77	388
160	608
47	547
222	626
76	489
302	443
210	360
298	400
63	379
17	446
532	627
49	341
8	338
513	606
65	190
186	301
258	410
517	628
550	627
5	120
70	606
197	231
37	242
247	629
68	257
131	392
225	513
30	280
192	230
261	619
411	630
375	428
31	454
42	595
131	526
394	448
35	49
558	631
52	603
183	225
145	185
333	427
126	240
158	609
439	632
207	300
119	179
172	181
143	197
8	352
432	633
113	278
70	480
191	242
220	581
27	235
338	634
267	331
119	257
66	403
271	342
113	251
62	438
187	635
236	399
41	574
274	295
403	537
266	497
238	440
460	636
210	226
295	439
311	370
122	586
177	243
162	312
214	637
146	337
132	390
376	479
64	603
65	243
54	251
310	638
318	637
8	446
97	597
395	424
29	220
204	360
352	639
368	579
344	521
305	561
41	158
434	460
585	610
576	640
100	454
100	145
148	544
183	356
19	120
96	517
522	641
99	280
213	241
211	401
150	518
394	634
88	634
598	642
371	395
271	589
284	465
111	299
50	465
233	577
468	643
263	331
363	638
69	151
263	373
27	478
507	564
233	644
156	603
410	540
241	642
1	452
238	300
156	623
481	645
38	407
30	306
11	177
313	316
555	579
287	511
152	646
265	524
328	545
135	355
31	327
330	566
295	632
350	647
24	551
280	598
340	609
332	455
464	581
249	648
96	374
106	446
108	542
235	280
312	337
18	649
418	580
103	213
329	457
9	232
311	424
591	650
107	467
405	579
56	524
220	637
179	577
59	387
531	651
188	243
162	414
396	623
230	521
305	516
182	366
415	652
102	446
209	255
163	204
66	549
133	340
91	268
13	653
409	412
309	403
13	242
218	223
167	427
304	455
304	654
201	275
70	368
170	323
523	645
282	346
247	385
183	655
22	332
457	504
331	589
164	582
119	225
47	66
597	656
47	451
7	588
192	614
204	311
246	352
223	327
554	657
513	645
17	556
552	638
252	329
36	235
353	556
335	658
236	593
198	596
27	257
257	293
257	498
179	257
502	659
204	415
169	240
24	534
215	606
162	269
157	265
417	660
324	355
177	573
318	466
45	203
243	248
95	249
365	661
337	651
38	249
178	559
209	258
94	340
412	530
337	662
35	251
11	535
199	209
176	517
45	223
311	360
98	663
138	369
114	530
359	386
178	352
397	409
223	536
498	664
62	157
621	640
113	414
382	401
66	461
91	210
192	665
528	639
525	563
254	302
187	465
172	408
202	588
459	666
330	654
121	649
235	242
222	664
1	578
470	477
383	667
31	200
18	135
27	362
107	554
202	507
30	222
44	668
124	457
118	518
431	511
3	426
212	419
15	264
99	669
122	311
513	523
38	199
443	544
98	407
270	670
491	596
191	566
69	210
7	403
219	637
246	528
100	671
37	520
379	654
49	127
97	596
314	407
159	667
120	672
212	218
120	433
82	545
119	241
253	302
80	203
215	673
319	557
113	312
116	485
252	323
271	552
72	263
4	674
524	663
232	517
236	542
343	410
147	613
203	658
265	675
200	450
222	298
271	372
295	308
50	102
215	545
408	676
403	562
19	226
4	35
109	254
132	605
514	669
73	677
345	675
276	398
96	351
559	570
438	616
24	115
578	678
182	346
71	300
397	437
233	333
100	207
21	427
617	679
188	361
210	594
228	518
164	458
223	319
54	63
250	680
321	369
38	548
322	352
464	466
32	283
418	563
490	681
62	456
20	127
352	394
281	375
377	550
220	620
648	682
281	487
473	539
451	547
216	637
253	571
169	331
40	683
57	220
331	535
224	677
390	455
112	270
162	413
542	684
370	659
316	327
149	185
437	530
23	517
11	18
637	685
397	528
489	532
85	255
85	524
289	387
28	139
162	686
516	647
460	575
173	396
403	414
10	619
395	687
416	632
36	306
196	252
425	556
232	285
129	662
27	688
137	263
100	223
24	28
198	304
469	501
191	264
145	689
362	466
190	408
279	520
98	116
420	675
318	464
685	690
349	528
111	517
88	233
28	349
38	105
19	370
606	691
57	462
57	542
43	253
147	247
576	666
125	346
351	692
20	548
214	532
166	524
9	419
100	399
189	693
228	395
242	264
201	387
8	568
213	399
575	636
271	694
151	182
206	520
266	348
64	272
79	106
13	404
583	695
626	664
277	574
397	646
321	373
63	417
3	696
137	676
261	562
190	501
640	666
409	530
427	674
187	697
344	585
16	593
48	589
264	382
48	301
352	568
30	698
88	306
195	327
143	347
358	691
452	697
415	451
164	699
341	387
199	238
8	59
108	684
343	384
156	670
610	700
165	189
312	677
79	597
271	276
359	501
56	241
248	701
237	425
140	352
200	474
284	697
390	656
62	702
2	302
67	73
88	92
140	333
64	476
494	653
324	703
16	37
356	655
6	225
25	634
344	606
245	667
658	704
185	223
438	548
58	397
6	655
207	276
536	705
53	145
185	343
87	203
347	468
435	459
187	429
676	706
153	507
134	686
247	597
447	677
41	581
59	530
73	707
229	595
42	468
190	389
142	185
70	506
2	340
124	708
204	521
293	542
120	253
322	396
356	693
312	392
384	709
453	535
228	415
358	523
84	535
125	480
230	614
51	710
394	568
393	606
11	468
110	303
75	354
600	608
251	711
602	641
576	599
25	583
16	427
324	329
268	275
51	712
44	123
229	589
212	258
356	423
1	635
270	381
181	713
333	338
209	362
353	578
376	552
194	392
67	308
500	714
372	521
485	488
78	215
344	527
249	276
195	553
693	715
231	243
499	633
142	265
487	584
2	288
34	334
171	716
81	445
255	259
54	549
422	658
404	672
193	392
516	717
192	288
88	352
230	308
201	402
33	223
256	648
685	718
454	671
153	414
400	513
298	423
156	649
424	687
364	719
66	267
280	613
290	558
185	399
8	634
565	665
402	720
75	327
417	587
2	439
248	331
229	231
134	312
256	721
416	516
149	207
239	266
67	699
2	427
85	89
685	722
490	693
440	474
142	203
154	487
296	577
133	443
447	723
260	445
42	492
354	471
234	619
276	354
132	330
609	724
404	439
13	596
66	154
180	696
379	455
203	362
392	725
313	702
52	149
448	668
339	632
54	723
32	379
154	726
176	611
157	212
43	432
345	354
123	320
242	289
263	727
356	435
181	321
66	651
88	644
285	419
271	485
398	728
124	323
104	437
316	319
270	396
166	327
420	516
561	729
179	280
101	684
255	327
473	662
126	331
372	433
428	730
326	414
307	406
276	477
262	505
351	509
314	418
243	731
153	413
718	722
408	706
145	276
233	349
187	591
536	732
269	686
135	708
129	414
47	204
567	606
63	332
452	733
244	637
335	557
77	556
36	215
97	656
12	290
264	734
26	620
493	662
16	144
108	163
129	269
113	735
34	603
110	317
4	723
36	280
503	573
511	736
8	657
89	295
10	445
183	513
38	648
324	534
344	737
103	209
241	271
106	556
435	513
81	608
477	548
595	738
285	356
162	392
82	306
138	188
393	691
345	560
411	739
136	468
319	354
231	321
96	285
97	266
351	569
62	740
598	613
193	365
280	642
232	565
31	271
13	333
463	741
301	589
83	637
30	219
420	474
201	341
430	665
435	742
150	415
348	467
98	185
236	684
224	414
16	64
640	743
111	715
23	735
252	496
393	523
22	304
500	647
632	744
61	171
94	295
228	375
417	497
415	482
74	537
501	745
270	464
690	722
75	663
234	549
173	587
436	609
203	746
489	627
130	461
504	715
238	271
377	465
287	747
242	250
377	697
441	542
21	144
190	369
560	675
739	748
1	465
105	200
430	614
69	226
65	177
56	663
721	749
143	188
145	335
133	747
567	691
297	600
219	627
301	750
348	497
191	217
290	627
123	578
181	240
35	97
65	751
186	341
680	723
227	240
123	337
408	468
286	729
536	752
140	644
617	624
134	707
242	566
200	241
187	345
391	753
232	504
222	480
664	710
142	391
169	190
362	658
128	754
294	518
369	589
203	418
149	380
2	384
21	167
157	755
444	598
19	518
129	677
408	469
382	385
35	503
678	756
578	635
234	746
163	171
478	688
454	659
380	603
74	757
299	457
58	288
347	369
437	646
131	472
281	315
393	758
348	749
192	302
316	557
92	515
371	424
7	526
485	759
441	650
18	609
436	724
14	577
221	530
732	752
485	760
497	734
55	197
44	512
271	309
174	729
49	761
266	596
70	592
324	419
166	316
322	528
367	632
198	762
540	728
182	311
369	447
421	486
419	569
119	215
487	763
91	415
337	473
42	469
490	715
452	591
36	693
212	764
70	125
285	324
448	568
60	736
261	537
191	250
203	765
370	451
165	662
160	445
289	341
254	443
325	766
237	369
71	439
25	78
240	387
465	578
150	282
333	767
256	682
62	719
459	610
102	505
75	314
759	760
735	768
178	612
435	576
240	369
364	557
20	157
440	546
221	769
342	638
490	498
358	758
158	164
36	328
287	442
290	770
278	355
124	351
435	484
423	435
485	694
458	582
32	771
479	638
85	199
545	684
48	475
293	462
145	561
358	772
230	565
8	186
45	117
682	745
42	408
50	404
319	773
513	655
28	224
161	445
95	579
7	411
128	399
542	774
702	740
113	768
120	633
315	395
334	461
328	775
264	520
269	493
99	165
443	582
564	677
84	321
374	776
127	265
219	685
143	169
23	509
140	528
315	415
375	777
319	327
129	531
53	200
157	500
47	234
360	763
237	778
570	575
758	772
283	491
8	644
33	455
84	468
541	779
554	634
54	697
356	698
337	539
594	726
101	542
452	780
584	763
400	645
470	616
338	568
568	695
28	202
56	781
98	719
196	379
19	586
282	566
283	382
624	679
288	782
514	775
119	222
2	432
368	444
270	476
305	335
463	783
3	489
390	596
124	267
133	486
168	240
346	586
595	784
567	645
144	703
298	545
330	670
195	669
88	767
356	785
730	769
75	474
42	336
702	719
29	634
74	549
670	786
310	529
200	671
557	773
42	190
127	200
655	787
38	450
481	693
176	225
59	402
129	539
125	375
186	788
47	294
282	451
135	517
161	622
173	550
490	785
736	789
90	392
347	722
545	592
10	537
9	285
144	355
97	790
9	768
110	518
15	220
565	614
117	157
156	786
54	791
63	264
18	503
71	322
266	283
485	552
214	464
157	792
352	612
410	474
22	264
47	395
339	614
88	528
558	793
114	402
647	714
81	622
141	335
344	358
705	732
613	794
146	414
222	257
485	667
284	650
394	554
158	309
473	795
110	210
500	717
292	766
131	662
158	230
32	796
240	756
190	706
568	634
50	591
117	548
90	588
233	797
322	394
103	185
109	665
39	494
356	787
132	771
695	798
78	251
201	720
433	521
576	743
418	746
95	289
329	799
83	489
386	674
66	757
343	553
523	606
130	414
589	800
306	577
5	667
132	680
366	627
383	479
73	564
505	801
282	502
585	633
423	648
227	288
417	491
428	475
645	802
36	183
545	558
226	381
262	446
218	276
103	803
103	256
294	594
168	469
209	286
400	423
17	778
250	804
206	467
26	180
227	637
512	528
246	695
494	805
407	580
155	608
217	667
427	723
382	617
334	601
227	806
445	562
73	603
175	593
203	255
11	361
482	584
196	807
291	396
95	174
269	413
637	677
738	784
140	448
373	808
343	407
55	613
38	376
47	189
221	720
471	774
649	809
29	620
434	776
283	679
404	632
491	617
119	514
202	810
204	687
24	66
165	400
331	468
223	247
187	811
488	759
198	385
4	372
400	405
574	581
15	696
292	812
509	692
189	490
711	801
147	596
205	402
42	229
205	813
47	594
297	546
484	498
80	764
7	51
478	794
607	814
186	769
84	240
219	690
78	444
74	727
161	562
537	815
322	446
335	399
53	354
589	750
663	719
435	579
65	816
415	584
117	255
133	217
612	765
674	757
164	254
203	817
7	630
36	577
239	455
506	613
10	403
104	683
250	818
220	466
60	309
524	719
521	582
601	622
56	418
626	819
81	562
292	614
42	243
588	792
111	496
785	787
783	820
408	501
59	769
250	382
66	537
343	709
381	396
16	821
373	816
686	707
69	375
126	589
5	170
190	301
597	822
158	304
368	613
19	245
98	781
208	296
94	511
410	823
192	295
156	809
381	670
89	345
521	563
188	573
696	824
35	336
155	461
167	439
336	361
518	594
220	657
230	825
157	671
112	545
312	473
356	742
113	355
787	826
243	573
270	603
478	545
195	728
206	234
669	775
100	827
310	407
6	775
356	513
407	563
37	279
351	517
409	828
330	390
134	651
129	392
168	321
266	566
253	781
497	829
118	381
225	435
132	279
510	740
18	170
296	558
272	830
466	637
103	524
116	702
28	612
335	422
501	676
20	831
252	299
102	507
264	467
149	256
11	244
225	306
379	832
232	252
400	567
174	477
54	353
197	240
571	614
448	833
349	512
34	537
338	528
114	761
99	225
287	521
52	834
715	785
567	758
290	475
30	358
43	302
84	373
829	835
16	684
653	805
263	816
341	530
109	571
266	653
362	836
180	464
135	419
60	230
335	689
163	441
77	675
24	837
425	446
5	620
122	424
458	699
239	654
468	589
44	838
43	340
317	723
539	795
180	637
148	825
655	826
372	839
195	399
353	801
124	284
77	156
412	828
465	635
733	840
10	562
497	835
21	168
205	683
24	594
32	54
398	841
5	465
8	30
568	639
189	280
232	329
196	842
272	676
755	792
93	685
694	759
705	752
512	568
196	843
394	639
27	358
381	603
223	764
221	437
320	361
790	844
228	726
404	432
269	677
277	637
177	273
35	724
455	845
400	592
72	483
270	503
141	352
358	480
7	202
76	846
235	289
440	638
164	585
38	354
354	560
278	457
424	847
86	667
78	338
173	670
266	390
374	522
370	848
129	810
338	349
477	500
161	349
620	627
188	369
89	849
444	545
70	356
6	22
418	422
283	390
66	111
823	850
125	576
43	164
323	611
182	518
2	521
475	711
324	851
454	477
274	403
350	717
19	118
409	646
733	780
211	852
134	547
491	762
450	744
456	811
571	665
201	463
744	853
152	530
530	761
108	821
321	331
656	790
359	403
674	854
460	559
550	635
496	509
358	688
194	799
355	517
728	855
89	542
128	781
280	423
433	672
577	693
132	283
72	856
574	685
484	715
118	396
429	851
238	648
342	857
138	535
79	656
31	648
73	630
365	651
498	693
599	858
22	385
137	469
547	584
31	199
463	820
410	440
650	859
180	581
256	552
532	581
137	240
693	785
690	718
670	860
174	199
302	404
714	847
417	467
353	388
285	317
584	861
353	561
520	566
13	279
418	671
578	591
300	803
362	862
145	212
342	354
683	838
215	298
523	567
135	430
200	863
239	656
312	539
144	611
7	337
40	530
259	663
41	864
273	347
366	464
231	731
68	328
41	696
326	539
503	865
169	706
391	560
253	340
542	821
488	694
461	601
412	866
124	329
349	568
275	341
354	399
409	807
606	737
64	867
226	424
110	594
46	414
244	366
403	757
593	684
573	868
18	177
259	319
49	275
266	805
265	313
59	290
98	869
631	793
41	532
120	302
534	703
65	469
191	196
17	870
81	123
218	292
70	613
361	871
102	801
484	681
384	836
290	711
479	529
349	797
612	872
505	778
240	468
359	745
13	50
124	285
662	810
389	873
196	520
380	809
211	382
65	240
71	770
47	874
194	630
763	861
104	275
268	769
356	358
204	584
320	875
233	322
339	744
155	601
107	494
404	521
482	547
308	876
18	278
347	408
452	550
3	161
79	796
153	412
1	877
131	605
562	619
667	737
725	834
273	589
155	403
537	878
21	527
130	537
110	294
306	793
184	874
292	294
501	879
504	517
162	365
280	498
79	790
216	569
275	880
621	666
333	639
207	245
266	835
710	712
496	881
278	329
443	458
73	337
462	593
222	543
175	542
244	882
56	548
84	643
750	800
196	198
279	390
159	757
10	883
778	870
378	874
50	266
197	331
585	737
146	202
684	884
420	500
178	528
188	331
103	729
489	581
63	247
877	885
109	372
645	655
589	643
663	702
148	590
351	419
318	886
186	712
19	360
522	776
380	476
125	716
29	352
276	887
466	581
84	453
369	456
405	645
729	803
677	810
567	888
115	720
426	637
367	806
427	791
33	467
15	120
822	889
3	466
273	816
426	489
323	628
632	806
160	622
889	890
385	390
18	867
473	531
322	695
219	722
543	664
670	891
37	796
39	852
588	825
456	741
698	821
405	523
209	892
484	579
29	568
435	480
186	761
28	512
214	711
256	893
511	789
304	835
112	867
467	596
427	854
35	230
118	894
66	562
65	273
540	855
69	652
45	238
662	895
39	330
65	301
420	477
40	289
136	751
360	482
582	896
80	364
687	847
480	484
111	569
31	863
1	697
635	897
283	762
455	832
282	311
60	192
284	452
338	639
311	898
365	526
510	678
596	617
477	717
376	450
351	504
212	899
212	721
464	532
310	857
487	726
178	740
86	95
647	900
370	874
393	888
65	213
349	634
433	439
235	673
796	901
1	780
112	603
528	695
177	750
248	369
252	541
454	902
166	241
62	559
481	498
546	548
525	541
571	632
364	903
354	364
56	116
504	569
111	759
104	769
200	694
835	904
77	870
54	473
199	327
58	683
146	882
92	399
384	905
226	460
424	451
498	681
20	318
333	394
103	276
652	906
252	457
269	539
623	649
35	839
67	782
256	265
830	907
111	351
109	308
253	384
103	223
545	775
316	374
92	908
253	292
619	883
505	870
227	302
83	696
458	896
364	909
171	415
20	29
528	568
66	622
123	733
42	738
363	910
280	829
66	551
496	628
44	347
124	504
656	911
171	281
504	509
208	423
798	836
342	410
182	451
12	912
309	439
361	875
807	843
207	363
659	848
596	762
703	913
832	845
237	801
635	877
92	621
242	390
165	642
473	914
58	387
87	271
70	280
593	821
161	600
668	833
643	915
265	362
639	695
163	652
98	740
13	771
208	545
550	916
62	203
169	243
1	550
135	768
14	880
11	273
415	917
226	847
263	369
297	461
325	614
66	334
199	648
435	918
544	912
162	564
283	629
188	701
579	681
419	496
14	919
314	398
232	323
634	644
43	632
627	722
306	742
39	920
27	189
347	361
428	687
509	881
317	494
406	759
347	921
385	829
534	851
6	498
470	500
20	864
147	818
427	922
341	712
328	673
64	720
207	560
261	359
122	584
253	923
398	553
97	842
632	853
342	560
1	897
135	534
789	924
6	669
145	238
76	322
510	541
318	581
463	683
1	925
390	401
246	867
86	399
286	658
611	628
741	820
605	926
173	603
135	457
600	622
332	805
216	457
264	304
421	927
333	448
376	418
521	896
260	757
457	837
469	928
26	222
564	630
14	306
131	194
22	239
167	339
799	929
627	690
509	912
317	854
804	818
260	426
189	559
206	930
592	775
329	590
125	594
38	391
88	118
57	196
99	931
337	493
342	471
318	696
105	203
122	547
218	625
290	932
643	750
324	913
542	593
81	615
447	854
93	491
834	933
65	321
634	657
274	404
217	850
124	278
166	313
258	934
565	825
143	263
166	209
550	743
311	428
530	555
192	935
367	571
624	629
526	661
543	626
180	685
116	354
233	936
154	716
742	787
404	585
552	694
316	764
366	882
629	937
90	378
13	264
712	761
470	714
418	515
481	938
484	787
208	444
399	560
579	645
259	434
322	612
836	939
779	861
482	861
271	553
303	482
638	694
217	919
187	940
414	539
651	686
214	722
208	599
386	791
137	143
342	941
77	709
597	889
639	798
28	695
415	428
29	71
321	942
113	851
57	346
180	718
385	596
716	726
438	454
438	943
67	633
693	787
218	622
54	377
307	667
169	361
349	944
646	828
688	691
309	699
266	382
506	592
174	218
352	945
552	553
16	774
573	750
179	931
386	440
227	287
107	946
610	655
679	762
301	475
208	669
398	410
481	772
401	947
162	661
207	831
63	250
72	369
183	642
219	464
786	948
491	660
451	726
558	775
506	794
212	241
39	281
507	949
559	719
257	555
135	703
63	629
591	859
265	950
436	657
549	619
54	289
91	378
269	949
228	294
343	951
94	436
111	551
877	897
376	910
880	919
624	762
56	952
257	506
142	754
476	603
338	448
189	655
185	590
76	953
778	801
183	257
132	332
295	339
564	707
13	379
77	954
154	847
252	278
505	556
723	922
341	406
165	245
803	955
600	601
319	522
185	305
195	893
529	857
218	399
28	956
168	177
124	735
663	740
24	569
29	219
425	954
944	957
170	351
129	326
450	515
442	927
305	590
416	958
199	207
455	654
9	531
297	619
553	841
223	363
708	959
108	727
531	539
14	307
252	611
562	608
422	704
114	960
697	733
477	675
118	476
676	830
237	870
101	782
140	961
21	684
41	471
231	408
124	324
578	756
211	796
255	962
415	487
461	619
332	596
416	717
797	936
431	789
433	963
180	627
403	513
456	912
508	912
241	471
102	778
771	964
27	51
153	605
140	634
298	368
80	207
97	385
38	965
464	637
68	222
331	676
152	828
644	657
510	667
533	966
428	777
269	326
369	921
426	466
416	571
951	967
60	433
466	491
775	793
672	963
170	329
410	850
534	968
171	653
102	252
102	870
462	684
286	418
219	673
772	969
36	296
59	341
543	819
339	565
690	876
72	331
869	970
378	594
425	778
194	255
117	682
339	433
30	971
591	780
381	809
67	442
219	620
709	951
10	600
735	972
477	943
18	786
475	900
405	655
112	267
780	843
728	973
484	576
71	932
541	611
150	791
250	796
488	702
484	974
450	474
383	654
8	612
680	818
456	957
170	384
826	975
426	620
24	299
4	791
11	676
787	975
485	976
228	487
332	467
329	929
846	953
397	828
391	399
226	977
438	702
114	813
224	473
691	758
203	590
147	242
436	978
281	311
488	760
361	408
14	618
483	856
317	791
629	979
131	224
177	190
544	700
42	784
316	776
403	619
526	980
19	464
399	827
181	331
791	851
323	799
415	777
238	981
297	601
415	906
606	613
341	828
30	257
937	979
839	982
297	889
610	733
568	944
568	957
625	696
343	823
721	983
648	893
217	401
274	439
5	196
274	609
132	382
802	984
558	592
80	909
363	831
127	258
299	329
458	585
492	985
708	768
229	462
262	425
230	699
301	373
326	493
378	986
634	639
37	566
452	678
51	341
130	608
138	331
469	987
302	565
105	746
251	932
490	664
308	633
206	312
666	988
309	665
92	95
59	409
41	882
550	877
811	940
283	989
79	497
741	783
132	385
21	155
32	596
512	634
276	990
55	400
122	977
583	944
325	812
247	889
211	596
565	991
219	718
154	518
428	482
119	555
742	793
275	437
896	992
577	618
52	396
334	549
221	788
103	200
154	379
832	993
551	837
385	653
153	337
89	560
498	772
562	651
656	994
570	636
501	706
651	707
100	203
117	241
367	995
213	259
146	677
234	382
336	492
468	507
82	280
69	996
501	830
524	869
432	672
656	844
441	781
272	706
89	997
524	803
366	581
624	937
287	325
348	520
355	509
230	998
750	868
550	733
111	541
347	469
709	836
430	565
740	999
573	643
333	349
71	476
313	519
131	202
623	855
850	1000
796	852
18	291
799	812
31	157
768	972
526	615
514	793
659	874
388	460
34	445
4	922
144	569
318	882
131	473
706	745
107	401
392	980
388	446
313	314
418	755
54	854
17	207
325	979
419	913
207	213
158	295
506	523
66	878
45	213
653	835
68	613
466	696
98	314
467	805
552	910
244	464
138	267
55	599
111	779
639	957
167	253
607	818
360	977
14	226
238	966
192	308
40	936
324	504
98	241
372	982
265	862
19	874
267	457
709	939
573	915
419	683
725	933
372	386
114	397
263	483
408	643
326	588
260	883
413	605
38	185
18	948
225	498
474	863
447	791
304	390
227	766
142	721
234	815
409	547
694	976
219	260
868	909
427	887
299	323
146	269
441	593
646	871
149	354
807	842
691	888
610	642
937	949
49	960
282	586
474	500
51	289
613	691
148	912
770	914
418	704
376	638
197	745
398	973
208	356
479	857
645	938
564	949
489	722
840	872
252	534
627	637
655	700
702	999
163	411
246	333
253	287
76	581
430	825
327	651
459	858
216	735
460	719
671	704
169	903
715	787
736	924
174	399
178	663
191	734
316	522