1	6
2	7
4	8
6	9
5	7
4	10
1	9
8	10
5	11
9	12
10	12
7	13
6	12
1	12
8	14
4	14
1	15
6	15
10	14
2	16
10	17
4	17
7	16
2	13
13	18
7	18
12	15
14	19
10	18
17	20
10	20
4	19
10	19
19	21
13	16
14	17
14	20
19	22
2	18
14	21
10	21
6	23
4	20
16	18
15	24
8	21
14	22
9	25
7	10
1	25
12	25
3	12
15	26
19	20
17	21
4	21
12	27
17	19
15	25
3	27
5	28
25	27
11	28
8	20
28	29
9	15
15	27
20	21
9	27
25	30
3	29
27	30
8	19
16	31
15	23
12	30
26	28
18	31
9	32
5	29
9	30
8	17
30	32
30	33
12	32
6	25
13	31
21	34
17	34
2	31
9	33
33	35
11	29
10	22
23	25
14	36
20	22
1	30
8	34
16	37
7	31
10	34
22	34
14	38
31	37
32	33
7	37
8	22
30	39
2	37
1	27
19	34
15	30
38	40
9	23
27	32
6	27
20	41
33	39
23	27
18	21
35	42
23	32
14	34
42	43
6	32
1	26
4	29
2	44
6	30
1	32
7	20
17	41
24	45
13	26
35	39
15	32
36	46
14	40
16	44
14	46
25	28
26	47
23	33
22	36
29	34
3	48
9	24
4	34
6	26
26	49
6	47
6	39
6	33
10	40
5	50
28	50
15	47
37	44
34	40
4	51
44	48
36	40
7	29
3	44
36	52
19	51
34	51
35	53
11	50
31	44
8	51
25	32
22	54
32	36
26	30
13	44
12	26
47	55
22	51
26	55
24	47
15	56
11	34
29	50
3	57
20	34
16	26
18	58
24	55
17	22
25	56
7	58
51	59
45	55
19	54
1	47
26	27
2	60
22	59
37	60
18	37
47	56
42	61
10	46
1	28
18	60
55	56
9	62
33	53
39	53
9	26
47	63
43	61
38	46
42	53
1	63
16	64
15	63
13	64
17	59
21	41
39	65
7	44
14	59
33	47
21	36
57	66
48	57
26	32
4	22
28	67
44	64
8	54
38	59
12	68
8	59
48	64
21	22
68	69
5	67
40	46
7	69
44	70
25	33
27	47
23	62
1	23
64	71
1	24
2	64
19	41
10	36
55	72
23	53
9	55
1	45
31	64
67	73
59	71
18	44
1	68
33	55
22	74
27	33
8	74
37	58
40	52
57	75
56	72
8	70
54	74
2	58
46	76
11	67
46	59
22	40
29	67
4	77
18	64
19	40
47	72
12	57
19	78
11	73
20	40
9	56
53	61
20	79
27	55
30	56
14	76
44	57
49	80
48	75
7	64
38	76
50	67
78	81
16	70
58	60
17	38
47	49
1	82
18	71
13	58
15	28
42	83
2	70
22	41
12	33
61	84
21	38
35	61
48	66
43	84
69	85
2	71
46	51
40	51
5	73
80	86
7	60
58	64
10	59
22	46
31	87
2	87
27	45
86	88
5	25
80	88
32	47
13	89
20	46
35	43
12	47
23	26
80	90
4	76
34	38
50	73
55	91
37	70
45	91
22	38
39	61
75	92
12	45
70	71
29	73
53	83
76	93
38	93
53	84
25	53
46	93
81	94
22	78
26	45
42	84
47	95
76	77
19	38
6	49
88	90
17	96
34	96
24	72
27	63
18	70
94	97
56	63
39	42
9	47
39	84
5	98
48	92
4	40
15	53
41	51
82	99
30	61
31	58
50	98
59	93
57	100
42	65
32	56
32	62
34	67
73	101
64	66
30	43
58	89
55	62
96	102
33	62
60	71
18	87
30	45
63	103
14	93
45	82
3	32
65	84
73	104
21	51
50	101
33	95
1	103
54	105
45	99
35	84
12	69
62	72
90	106
24	82
54	106
58	69
50	86
34	107
35	65
22	105
28	73
1	99
80	108
6	45
39	43
55	99
37	71
24	109
18	89
60	87
17	102
9	45
70	110
59	64
67	98
45	56
88	108
71	111
25	45
33	84
25	68
81	97
7	112
72	91
68	85
37	48
46	52
66	113
22	81
1	33
15	39
10	41
49	114
90	108
49	95
86	90
54	81
100	115
34	46
8	76
65	83
55	84
70	116
55	104
110	116
44	89
7	87
90	117
35	83
63	64
31	71
73	98
111	118
36	54
34	102
49	90
38	119
12	95
25	43
10	26
54	97
86	120
13	71
3	75
66	100
13	60
28	121
36	51
15	33
21	40
46	119
67	122
56	84
28	98
74	78
35	47
31	123
21	52
44	71
16	112
73	122
59	124
10	81
10	76
21	46
21	59
119	125
62	95
39	63
33	99
41	79
9	126
68	103
14	51
7	71
101	104
117	127
53	56
3	100
3	115
50	104
62	128
50	121
40	59
108	117
108	127
109	129
63	68
17	40
78	97
29	121
62	130
42	63
74	76
67	101
25	26
95	131
9	91
95	114
90	127
86	117
110	132
21	119
17	46
24	99
25	47
19	133
8	38
73	121
39	47
70	89
133	134
72	128
22	52
50	122
1	56
117	135
104	122
81	105
78	105
39	55
19	136
17	78
58	70
19	36
31	70
99	137
47	103
39	56
44	111
12	82
45	138
114	131
74	81
24	129
35	55
83	139
26	39
58	71
96	107
25	42
42	140
80	120
1	137
43	53
66	115
38	141
75	130
8	46
9	10
86	108
64	142
60	91
8	36
61	134
53	63
136	143
80	117
41	136
20	107
99	144
6	95
7	50
20	136
8	93
132	145
54	78
82	129
65	122
61	83
141	146
13	70
110	145
76	141
142	147
14	136
80	106
21	54
15	109
63	148
60	89
31	110
85	103
28	149
88	117
121	122
92	125
49	108
75	150
64	147
6	109
27	53
88	127
104	151
98	121
15	91
42	56
17	133
83	152
44	87
34	73
97	105
5	122
41	153
26	53
34	54
33	56
50	151
65	154
30	69
20	143
127	143
60	90
124	155
2	147
50	149
20	59
31	89
57	156
45	53
43	83
31	60
23	55
154	157
7	122
15	84
128	130
18	40
43	158
23	130
79	107
65	157
36	41
93	159
73	149
44	58
90	114
51	100
129	160
16	60
62	99
14	41
36	38
121	161
47	83
26	33
16	123
65	66
12	162
98	104
88	120
84	109
13	116
120	163
108	120
8	102
49	109
4	78
114	164
84	129
44	118
35	63
38	51
127	165
86	114
88	163
59	155
136	153
133	166
91	126
18	112
66	98
11	98
78	167
66	75
134	166
2	118
33	130
20	168
40	124
131	164
40	41
122	161
66	169
76	146
13	112
65	152
50	161
21	170
101	149
98	122
9	103
72	126
118	171
44	50
83	140
19	46
60	70
101	172
32	53
58	123
90	131
28	122
11	173
18	111
88	165
24	53
91	109
19	174
107	168
80	114
56	148
54	102
115	175
38	125
48	100
43	109
67	104
9	176
65	109
31	112
63	84
1	39
85	177
95	109
77	146
26	63
20	38
112	178
17	166
82	95
51	174
2	111
68	179
39	103
111	171
45	49
116	145
35	180
78	136
96	166
131	132
4	54
28	181
29	98
32	69
52	105
8	40
132	182
39	157
68	177
151	161
90	120
54	183
8	41
118	147
51	136
73	161
61	184
6	43
50	118
101	121
64	89
128	185
73	151
15	62
111	147
67	173
82	186
124	171
6	55
79	153
62	103
124	187
130	185
27	56
54	174
52	93
10	188
57	169
73	181
24	56
12	129
77	189
49	91
49	103
16	71
41	100
53	190
147	171
86	127
30	158
87	112
10	191
121	151
66	175
38	146
80	135
97	192
117	163
49	117
60	123
66	140
154	193
57	150
115	169
34	119
1	109
167	194
25	63
8	107
75	100
10	119
128	195
30	42
12	61
72	82
30	63
58	196
16	58
129	186
123	196
65	103
113	197
10	33
4	46
13	111
14	64
29	198
108	114
169	175
61	109
10	51
59	199
72	185
38	96
7	89
22	174
74	200
11	104
77	78
16	89
78	200
111	192
32	72
31	116
41	168
72	130
24	25
20	51
101	161
76	159
18	147
27	158
93	96
18	123
54	70
65	85
3	66
102	183
20	54
137	144
76	135
