18	21
14	22
14	23
16	24
10	25
12	24
4	21
18	26
22	23
15	22
15	23
23	27
22	27
27	28
21	26
23	29
21	30
2	26
12	31
18	30
23	28
14	32
16	21
26	30
20	24
14	27
32	33
14	33
22	33
20	34
14	28
22	29
1	35
11	21
9	36
6	36
10	37
4	31
27	32
14	29
2	38
16	18
29	33
27	33
31	39
16	27
25	37
28	33
10	39
3	40
8	25
2	30
29	32
27	29
26	41
28	29
22	42
23	33
14	42
5	43
13	42
23	32
30	41
21	44
29	42
8	43
23	42
28	32
27	42
10	45
12	39
21	41
3	24
38	39
37	46
25	45
37	39
18	41
32	42
37	47
46	47
10	46
30	44
44	48
12	22
8	24
18	45
10	49
46	49
22	28
30	48
13	50
22	32
45	49
47	49
41	48
27	51
21	48
27	52
45	46
37	49
25	49
41	53
41	44
15	33
26	44
37	45
16	54
10	47
24	54
12	15
8	55
33	51
23	51
40	56
3	56
23	52
12	36
38	57
33	42
4	51
38	58
28	42
2	41
19	43
3	35
28	52
54	59
15	31
48	53
24	43
45	47
26	60
30	53
44	53
46	61
18	48
26	53
47	61
29	62
45	61
28	51
24	59
27	62
46	63
16	59
12	33
25	47
49	64
8	20
21	53
29	51
45	63
45	65
21	60
47	63
51	52
42	51
19	66
29	52
57	58
49	67
41	60
28	62
32	68
18	60
18	44
42	52
62	69
2	57
38	50
48	70
27	68
26	48
41	70
47	56
65	71
29	68
41	45
34	38
15	39
67	72
23	68
25	63
44	60
25	73
44	70
26	74
26	70
23	34
32	51
21	70
33	64
12	75
31	75
25	46
52	62
45	71
18	76
27	35
64	67
29	45
28	68
45	77
13	34
37	64
14	52
51	62
34	66
23	78
23	62
2	58
27	78
37	79
46	73
37	67
14	62
35	49
26	76
69	80
10	61
23	81
19	56
54	65
67	79
53	66
1	82
29	78
42	60
30	70
25	64
68	83
46	71
39	46
60	70
14	69
42	68
49	84
57	66
61	65
35	82
44	76
45	85
41	47
65	85
63	85
63	65
48	60
72	86
32	62
7	28
10	64
48	87
49	79
45	73
43	46
25	85
14	51
30	88
16	38
4	75
22	51
46	65
63	89
28	69
44	74
42	62
21	87
70	90
48	76
66	82
53	88
60	87
58	91
26	90
10	63
20	35
73	92
40	43
71	85
18	74
45	89
64	72
88	93
42	43
33	62
21	88
20	43
22	78
90	94
42	83
50	93
4	48
34	89
49	85
29	95
25	65
10	77
44	96
63	71
25	79
29	69
4	66
60	90
79	97
21	34
8	59
46	67
51	69
84	98
33	43
87	90
49	71
48	90
53	70
37	99
67	84
27	69
70	76
52	83
94	100
33	52
30	60
62	80
30	42
39	75
18	70
12	101
31	66
33	68
69	78
1	102
22	95
2	39
33	45
47	77
80	103
73	89
28	81
70	74
43	104
49	63
89	92
5	91
93	105
7	35
76	87
38	91
66	106
65	67
33	83
7	23
1	107
18	61
61	85
69	103
37	108
39	47
37	97
35	102
74	76
19	106
11	109
45	67
41	110
14	95
44	88
9	111
68	81
42	69
71	79
49	72
67	89
2	112
27	103
18	53
5	104
42	81
59	113
81	83
54	113
30	93
45	92
90	100
30	114
29	83
87	100
40	101
1	115
57	91
63	67
30	87
6	40
108	116
25	67
36	111
61	92
25	71
20	117
10	89
52	68
62	68
52	69
5	118
55	59
88	105
27	83
80	119
41	90
107	115
25	77
75	101
102	115
69	120
48	88
26	112
65	89
64	79
50	114
16	113
21	121
109	111
72	109
39	101
38	112
84	113
117	122
48	94
65	106
34	117
44	123
65	92
82	115
22	62
67	106
64	86
72	124
51	68
104	118
43	118
115	125
45	79
71	84
86	109
34	122
52	81
68	69
120	126
73	77
53	76
33	69
107	125
78	127
46	108
27	49
14	68
26	87
50	59
60	128
46	116
63	79
31	101
87	114
13	20
54	129
41	92
23	103
41	93
47	67
59	129
3	130
64	65
41	63
84	85
45	64
45	84
62	131
56	121
14	78
35	115
97	132
79	132
51	56
51	95
104	123
22	69
18	133
82	107
10	67
103	119
119	134
82	125
67	99
37	77
26	96
63	92
131	135
120	122
54	106
63	64
5	75
47	79
133	136
51	131
32	81
44	133
35	125
68	103
37	137
18	136
47	108
23	69
49	65
113	129
95	138
93	114
64	71
53	136
91	112
14	138
86	124
36	139
10	65
10	99
76	88
37	63
61	77
16	129
4	140
23	83
32	52
30	121
58	112
88	133
93	141
49	77
29	80
57	112
87	128
1	49
79	142
68	78
114	128
7	115
26	136
97	99
38	109
19	143
36	82
40	130
1	125
48	110
92	144
45	142
79	92
111	139
61	89
113	145
100	128
2	91
22	64
64	108
12	32
37	146
94	130
37	111
63	84
68	127
120	147
18	90
97	137
27	36
33	148
76	114
67	71
93	128
89	144
33	95
122	149
70	88
37	71
80	134
20	122
77	99
88	150
27	80
3	7
10	79
73	142
99	108
45	151
63	144
42	44
20	149
68	152
93	121
62	152
67	124
62	153
22	80
74	133
57	62
94	128
29	138
44	87
143	154
19	154
66	143
17	104
84	144
59	145
25	155
87	121
82	102
61	84
30	76
9	139
79	156
41	136
41	76
44	150
117	149
5	17
48	93
69	157
24	113
32	69
96	123
3	158
41	85
74	88
34	149
70	136
72	159
97	142
53	82
64	151
37	89
142	156
80	120
66	160
106	154
16	145
49	80
96	150
148	161
129	145
72	151
30	83
143	160
2	88
118	162
7	107
42	120
74	90
45	155
87	88
127	152
83	163
76	133
73	108
110	136
17	163
39	64
100	164
102	125
10	137
26	88
24	145
42	45
15	165
103	120
16	26
109	112
110	158
78	157
81	166
16	34
14	83
88	128
96	133
130	167
81	152
21	76
47	124
123	150
140	168
53	60
32	131
37	139
108	124
29	157
6	169
39	49
87	165
23	152
5	162
13	170
105	114
56	130
117	164
57	81
44	171
87	96
88	90
36	66
44	172
18	67
2	55
106	129
104	163
73	156
1	173
130	158
126	147
69	152
87	93
72	108
10	38
8	174
23	157
83	95
61	71
50	170
68	175
149	173
154	160
84	168
110	176
66	154
114	121
108	151
34	86
40	177
84	89
6	101
33	161
30	94
71	89
57	178
31	165
123	171
28	166
33	81
95	148
36	179
130	177
80	147
61	137
152	157
147	178
55	58
150	180
61	144
10	72
105	128
46	168
48	150
19	42
110	181
68	148
7	56
79	166
25	61
140	182
74	114
53	172
93	136
102	183
51	120
70	172
10	86
54	145
127	157
159	184
148	152
44	90
61	67
98	144
67	98
60	76
52	185
128	136
43	71
61	63
33	100
61	72
58	186
74	136
48	171
65	77
82	124
123	180
52	174
43	187
30	150
125	165
100	121
48	180
103	148
40	188
134	147
74	105
78	120
58	178
5	189
64	92
106	159
167	177
25	89
131	153
131	190
43	110
3	167
19	160
71	77
51	148
88	191
53	74
10	34
128	191
49	116
158	181
65	108
27	192
21	90
84	186
78	152
112	178
3	82
122	193
24	167
1	183
26	180
57	186
94	150
56	167
69	194
17	193
9	179
106	143
21	133
111	195
50	195
126	169
8	85
99	124
186	196
131	165
55	174
42	70
58	130
28	161
154	197
132	137
33	152
5	187
79	124
153	198
126	134
10	92
33	157
111	179
8	104
190	199
28	152
71	99
78	81
3	177
34	193
5	200
94	164
43	194
58	196
63	72
124	201
77	146
18	145
61	155
45	98
22	138
114	133
188	202
106	197
25	56
44	121
32	78
106	160
104	203
170	195
91	196
138	148
22	83
56	116
158	204
65	124
126	181
4	182
28	83
135	153
3	188
107	205
66	142
130	204
17	123
80	152
107	178
120	152
175	206
130	188
30	90
29	134
102	107
22	68
173	197
202	207
7	49
187	189
142	151
14	194
4	208
130	202
6	66
61	79
120	134
79	209
92	209
146	193
75	175
48	121
32	152
131	210
50	190
132	156
81	185
28	153
4	11
171	172
112	211
42	134
106	176
9	195
90	180
158	212
76	121
3	145
50	74
43	162
134	157
26	150
44	213
68	80
182	208
169	208
43	200
189	200
21	171
135	214
68	174
37	65
131	214
190	214
98	151
147	215
37	132
135	190
32	175
72	98
60	133
140	216
40	170
19	197
100	191
94	110
28	35
82	173
36	217
135	198
99	201
68	206
128	133
72	184
182	218
66	179
130	212
121	128
118	187
126	152
28	198
175	219
153	190
19	22
115	205
127	206
68	147
173	183
196	220
114	136
140	218
102	173
107	173
117	193
179	195
199	221
143	197
82	108
173	205
15	131
140	208
52	78
191	222
85	151
105	133
20	193
161	166
46	132
120	148
217	223
137	198
63	98
104	162
80	81
67	108
135	210
35	224
162	203
139	217
74	172
104	187
210	214
206	225
86	137
22	163
56	212
97	209
79	85
60	226
140	174
76	136
49	61
41	171
196	227
42	128
177	202
53	171
208	218
115	173
96	228
122	152
47	72
103	147
21	208
10	116
190	229
33	147
66	197
77	89
167	212
19	29
10	71
206	230
53	180
7	178
44	100
36	57
162	187
204	212
50	231
3	212
37	124
55	88
2	85
188	232
56	158
17	182
38	137
60	88
49	108
153	199
57	233
111	215
28	192
100	111
95	152
225	230
83	103
172	234
4	218
125	173
53	143
19	20
24	129
48	226
52	235
69	131
172	180
168	218
95	194
174	236
81	192
76	82
164	191
64	132
188	212
62	81
94	237
81	153
123	228
130	232
111	217
81	238
202	232
43	189
125	224
4	168
75	206
24	75
236	239
35	107
78	83
96	154
30	128
179	217
92	240
101	234
186	233
91	233
133	162
125	205
89	241
49	101
91	178
94	176
225	242
52	153
81	131
27	81
22	152
94	167
105	191
54	243
55	196
170	231
65	72
111	223
23	80
169	244
198	214
2	79
16	121
52	64
150	228
118	245
17	244
6	49
31	48
75	228
162	200
188	246
25	108
199	229
35	183
20	200
3	246
38	194
48	247
94	114
55	236
57	196
154	170
98	184
48	181
189	248
107	183
71	108
13	14
124	146
35	205
167	249
102	205
35	43
130	186
7	40
43	188
82	250
10	20
28	78
69	148
17	140
96	121
132	142
60	251
110	180
99	151
152	153
225	252
167	188
28	134
83	152
87	228
207	253
198	204
35	141
27	139
7	33
186	220
121	228
57	254
1	250
95	236
135	199
145	243
61	255
30	213
72	144
35	173
214	229
103	152
76	191
149	256
34	256
20	256
75	244
42	152
63	132
45	257
118	189
173	224
164	170
70	87
21	96
57	258
139	179
61	159
204	208
177	232
209	240
18	99
137	259
168	182
139	195
187	242
173	250
133	172
29	81
133	260
107	224
83	167
21	112
123	172
78	95
127	261
183	224
38	178
25	111
51	78
26	251
254	262
71	257
36	107
134	215
76	94
226	247
45	263
82	239
53	93
130	207
36	214
4	216
160	197
218	264
55	239
162	189
117	209
31	202
65	146
168	208
175	265
24	243
73	144
3	202
208	216
42	147
204	266
189	245
63	108
79	240
39	109
148	153
189	267
46	72
106	251
56	232
6	25
202	253
69	81
214	268
198	199
18	87
96	114
130	246
63	124
37	269
53	87
6	57
21	136
7	101
48	100
200	270
48	164
28	174
76	228
52	175
106	271
6	244
129	243
128	222
37	82
112	186
36	195
236	272
160	271
84	99
180	228
232	253
172	273
19	271
21	218
1	205
60	136
174	239
208	264
182	274
138	161
154	271
176	251
32	83
150	231
157	161
180	275
124	151
208	245
148	157
27	153
94	133
6	35
269	276
85	142
99	137
117	256
225	277
9	170
77	85
221	229
131	148
82	214
16	243
94	278
13	62
37	144
96	100
210	268
29	152
69	235
162	279
38	196
82	205
26	172
149	193
64	77
3	280
92	151
207	246
167	202
180	234
32	157
57	262
16	281
228	231
3	204
179	215
38	211
44	234
37	85
49	282
16	29
92	124
65	84
41	88
62	83
217	283
171	213
239	272
243	281
91	186
24	281
59	243
181	284
226	251
40	158
17	91
246	271
96	285
197	234
193	256
103	153
33	163
34	124
73	286
92	255
5	245
92	98
137	165
123	213
92	287
169	237
77	201
120	131
18	88
257	263
68	288
144	269
151	255
123	133
152	166
119	126
86	97
61	289
68	265
34	51
204	232
138	166
13	231
55	87
10	290
88	171
204	280
110	150
179	223
8	239
70	94
9	291
104	189
121	222
198	210
21	100
74	82
280	292
164	278
59	281
89	108
83	166
185	293
35	169
8	111
68	261
78	166
20	141
244	285
183	294
63	142
13	78
80	218
84	233
52	80
292	295
158	188
119	147
6	61
49	97
10	159
175	225
263	296
114	285
98	106
95	103
65	241
131	161
37	297
41	87
112	220
181	226
216	264
133	191
70	298
32	153
49	142
136	226
155	289
115	299
119	120
40	232
30	133
158	232
107	299
214	300
22	143
71	111
85	92
91	282
72	99
12	301
193	244
248	267
230	242
155	255
31	301
7	100
2	302
136	180
64	138
36	283
146	297
171	234
129	281
134	303
2	178
83	194
73	151
64	257
57	302
211	220
184	304
3	266
51	288
219	265
114	172
60	171
36	305
8	217
110	284
10	144
162	236
125	183
48	298
221	306
137	142
177	204
208	274
136	158
18	94
252	277
125	307
66	111
96	172
234	275
157	215
238	308
148	178
167	207
62	138
288	309
64	89
51	83
219	225
219	277
30	260
34	92
90	310
69	192
176	226
118	248
203	311
62	135
57	185
38	233
43	52
8	10
128	228
148	312
50	55
60	94
29	206
81	120
57	214
44	164
178	313
187	267
7	52
123	234
45	255
65	201
60	121
4	314
120	127
24	299
26	181
180	276
214	221
178	211
300	315
29	215
38	92
107	250
54	316
133	222
32	185
93	180
10	108
144	151
58	233
62	317
48	82
258	263
200	245
151	184
29	148
138	206
224	318
211	313
80	148
37	76
73	137
91	130
289	319
95	120
93	133
103	134
71	195
57	234
135	148
160	320
25	137
57	211
152	265
119	303
175	185
223	283
234	321
188	207
254	258
200	203
48	136
157	163
289	322
51	152
122	256
57	220
132	198
12	202
42	80
251	323
90	114
110	283
166	198
1	39
199	210
78	80
224	324
38	302
246	253
122	134
122	292
104	311
95	119
185	325
319	322
123	321
197	271
201	220
49	137
155	322
11	326
106	320
230	252
140	274
210	229
96	327
201	241
86	98
33	153
80	131
216	218
287	328
79	282
61	64
139	290
127	175
187	318
73	155
294	329
12	157
139	291
150	283
187	200
240	282
208	212
308	330
7	128
139	256
4	274
199	306
72	77
119	178
274	331
179	227
179	283
165	190
36	291
95	286
272	330
165	332
285	327
173	294
272	277
44	56
42	157
14	148
112	333
52	293
196	233
111	283
52	120
19	57
153	157
287	334
85	124
173	299
62	120
262	332
220	227
23	335
169	260
178	186
266	280
74	310
4	326
62	148
11	336
176	323
324	326
264	274
236	278
166	337
204	246
39	67
176	278
219	252
229	338
197	320
208	314
168	314
11	44
144	297
2	339
24	316
63	77
255	322
6	208
148	190
98	340
131	192
178	339
109	336
119	127
144	332
158	280
62	341
291	305
90	128
97	116
196	211
36	223
251	342
29	119
90	191
104	306
187	311
10	73
107	294
233	343
196	254
214	315
8	236
84	137
207	315
158	344
35	324
220	333
43	69
202	249
158	167
51	81
91	345
205	250
108	144
73	184
7	43
93	285
232	246
264	346
17	274
49	98
162	268
30	61
181	251
146	347
48	172
326	336
245	264
278	323
212	232
75	348
13	193
222	294
197	292
171	226
294	349
226	332
233	345
223	331
280	295
227	333
252	265
66	350
192	210
105	121
168	216
328	334
37	61
140	351
188	249
83	335
258	262
52	131
135	312
67	92
285	352
197	350
56	202
113	243
225	265
198	353
40	323
84	259
16	128
95	126
119	354
15	332
229	300
221	338
40	202
121	136
188	204
90	355
174	272
306	338
82	167
23	356
21	123
66	271
202	266
327	352
189	203
49	357
83	157
109	163
206	252
207	249
74	94
318	324
15	358
43	165
27	290
202	289
266	292
46	64
127	138
119	359
268	315
199	239
28	95
55	343
207	232
83	161
340	360
92	328
138	175
90	136
50	343
265	277
264	361
14	50
257	296
306	318
76	176
112	262
94	336
104	362
207	212
27	131
22	81
34	50
47	85
189	311
80	363
123	191
272	304
222	228
160	350
256	321
109	326
110	364
10	132
95	134
57	339
140	331
121	247
352	365
177	239
297	347
96	352
3	128
29	103
172	226
48	366
20	22
25	269
7	118
37	347
167	246
95	354
201	367
51	147
4	331
97	151
144	276
179	367
48	368
36	258
245	368
104	234
133	176
93	327
160	369
7	152
39	301
79	89
10	269
81	363
100	228
72	370
97	101
252	269
78	148
212	280
107	318
91	262
161	371
212	292
185	265
33	185
37	191
40	204
286	313
243	372
23	265
7	356
103	157
156	286
346	361
177	373
3	232
110	123
68	95
12	348
249	253
50	62
183	374
51	138
127	163
81	134
159	346
187	362
139	223
265	375
198	229
111	129
153	175
128	150
195	305
68	309
206	376
92	142
241	367
85	89
112	196
58	220
115	183
64	377
38	220
31	236
56	246
140	264
177	198
27	214
20	378
61	287
196	258
41	121
230	376
181	323
16	23
151	379
317	341
252	376
94	96
115	294
44	94
112	233
84	380
35	318
16	372
107	349
259	380
14	103
106	381
163	185
107	307
212	317
197	381
40	253
98	142
124	382
33	187
29	120
135	341
132	204
177	212
164	226
256	383
24	372
105	176
97	379
178	234
233	262
163	384
162	176
229	315
126	215
48	251
75	301
28	353
1	385
205	224
223	305
73	99
48	222
34	378
53	94
299	386
39	159
105	141
177	188
31	34
212	249
107	387
145	281
95	309
144	266
67	380
45	290
189	270
341	388
81	148
91	162
162	270
55	272
46	241
250	349
376	389
54	281
81	126
147	309
147	186
124	166
301	348
193	390
111	226
220	258
60	93
49	89
151	286
162	278
19	391
32	80
169	318
158	292
223	291
186	392
230	269
102	149
60	74
75	180
59	372
121	141
201	393
66	223
303	354
161	190
31	348
53	121
168	394
34	383
87	352
50	165
270	311
250	299
115	395
178	220
267	362
142	170
16	316
1	395
241	396
35	81
193	383
19	320
284	364
69	83
329	397
114	191
91	258
182	394
241	393
207	280
168	398
173	395
109	348
161	353
155	319
294	299
66	305
381	399
138	377
104	244
168	274
214	353
64	357
203	400
119	138
46	79
92	108
51	215
262	343
43	279
151	401
12	28
182	264
145	372
27	95
57	210
195	291
253	402
81	103
28	80
99	144
302	339
112	254
81	215
92	403
34	390
276	297
56	123
202	373
278	336
82	132
59	404
35	68
293	325
194	286
88	180
112	302
52	148
364	405
32	95
88	94
153	161
70	130
205	395
370	406
135	161
158	202
74	112
146	201
17	386
300	338
346	407
172	321
40	207
20	383
263	372
41	94
289	408
208	331
71	296
163	335
85	108
131	199
2	142
37	409
102	250
250	395
323	337
195	217
244	252
190	341
306	410
127	225
97	124
170	393
175	230
40	246
299	387
115	411
98	255
238	330
204	207
328	335
138	198
25	54
72	412
6	84
38	262
314	394
101	348
170	402
183	413
206	401
138	376
145	246
10	296
49	159
265	325
316	414
38	144
186	345
257	290
112	227
380	390
259	415
26	342
336	337
378	383
139	305
21	24
345	416
53	90
157	301
197	399
65	159
267	270
20	38
401	417
98	129
22	166
6	234
45	157
76	164
104	335
291	418
25	124
106	408
383	390
211	333
13	124
85	263
388	419
209	282
19	212
8	68
340	351
366	368
12	420
46	85
224	413
176	191
116	290
331	351
287	421
18	310
130	266
85	401
164	176
52	72
26	109
324	422
126	251
216	243
228	294
5	267
185	384
262	423
122	383
32	148
77	409
4	78
167	204
25	99
266	424
73	98
77	98
201	232
24	110
343	423
2	333
366	425
20	212
182	314
149	383
2	220
108	146
219	426
76	93
72	201
280	344
22	52
54	404
264	300
402	427
142	257
211	262
97	165
12	258
245	267
295	428
126	185
90	275
78	309
247	298
89	240
162	429
42	96
205	411
27	43
132	257
277	376
212	373
277	430
349	402
73	106
280	332
315	338
32	194
87	342
212	431
100	150
146	241
381	425
35	387
12	111
181	364
219	432
271	399
324	387
178	196
175	376
314	398
80	192
431	433
69	293
86	379
24	50
320	418
40	289
7	324
284	434
305	410
177	207
206	265
187	279
258	296
221	318
9	435
87	310
275	355
216	314
87	275
414	436
171	191
281	372
7	116
264	407
274	279
30	437
110	191
35	413
265	432
46	99
77	108
145	438
129	316
29	35
378	390
110	405
218	274
268	439
233	258
77	367
109	302
113	372
249	402
311	359
138	440
60	222
30	164
284	323
71	72
70	133
23	147
290	441
413	440
269	297
213	234
146	358
97	166
6	291
90	442
8	272
154	408
121	150
332	421
1	324
130	443
277	362
134	163
139	283
150	284
313	339
195	444
62	109
6	255
237	260
349	395
188	266
39	445
279	429
16	103
141	285
130	253
343	345
233	446
178	233
130	424
24	107
37	201
251	278
400	447
54	372
212	295
58	392
69	335
91	339
152	252
27	448
26	121
221	410
193	378
291	444
439	442
167	232
153	449
72	406
254	333
170	270
7	177
246	280
192	293
172	450
279	362
132	139
39	348
113	281
83	175
319	408
392	451
108	201
16	208
290	296
267	311
18	128
107	139
196	452
179	333
178	344
49	289
299	318
38	343
5	279
71	453
117	392
327	403
127	376
395	411
70	176
142	209
116	454
32	288
27	449
413	414
22	131
2	196
80	353
137	455
98	137
196	446
242	252
57	313
203	270
271	290
315	456
220	452
40	167
300	456
47	290
12	445
241	297
197	457
116	137
43	311
110	336
198	337
5	339
131	185
168	458
216	351
43	372
71	155
85	137
18	150
118	152
450	459
231	420
219	230
5	270
270	400
23	208
138	460
220	302
104	248
62	231
111	128
252	389
175	252
158	461
140	314
27	175
192	449
101	445
85	165
243	316
358	462
159	269
2	262
107	179
187	203
166	252
332	358
325	463
216	394
72	142
27	206
95	131
57	130
125	250
253	464
138	157
37	300
212	433
90	189
213	437
184	286
112	465
157	371
22	119
70	93
216	274
225	376
82	112
134	466
105	222
31	373
119	440
34	379
447	467
21	51
149	390
127	185
61	108
83	468
186	258
46	77
400	467
294	387
125	458
55	344
241	469
236	344
208	351
274	394
16	342
168	264
102	324
295	470
333	452
36	315
270	467
225	389
428	470
9	227
411	471
218	351
280	470
135	371
40	443
301	373
380	415
348	472
104	400
229	456
88	121
82	438
26	226
291	473
64	144
143	350
12	42
127	281
84	208
295	474
342	352
177	246
265	426
337	353
48	321
99	475
46	370
446	452
116	259
118	203
4	394
106	399
259	476
361	407
7	112
296	441
27	152
470	474
314	331
3	477
248	270
248	362
25	72
74	285
31	130
387	413
185	478
106	323
47	99
57	343
37	98
65	132
379	401
398	479
10	289
4	138
210	221
357	377
394	458
58	313
465	480
13	72
9	283
253	266
236	412
224	250
68	185
181	481
170	275
140	394
56	118
17	394
3	373
332	344
98	482
70	128
17	262
114	234
4	398
58	258
318	387
206	483
27	147
72	289
302	465
170	279
249	427
154	369
396	484
196	339
4	198
197	332
320	350
118	270
13	108
48	485
87	94
291	408
75	140
393	396
342	365
112	124
147	486
333	465
168	331
218	394
137	415
344	470
164	228
133	487
23	131
91	423
61	124
100	114
39	472
133	488
184	201
343	416
71	475
53	442
206	219
184	406
312	489
135	239
59	236
56	207
163	225
293	326
78	131
272	490
36	362
165	378
187	270
14	157
83	148
94	275
400	491
77	401
205	324
158	207
359	440
132	201
271	350
32	492
23	166
399	457
280	428
182	358
126	157
29	468
162	493
418	444
127	131
98	124
122	494
13	270
109	178
341	419
167	344
109	268
120	218
194	495
193	257
87	111
270	407
9	305
126	148
226	496
269	347
71	92
185	252
160	381
15	462
252	432
327	497
1	411
55	178
34	494
9	418
139	198
265	463
339	498
294	395
165	358
39	115
135	489
19	81
45	108
161	499
22	120
137	476
87	327
59	316
4	215
9	223
447	500
117	383
91	452
4	139
104	270
67	77
181	496
281	501
351	360
61	97
125	395
30	342
196	345
353	371
245	502
314	351
170	241
63	155
62	190
245	279
189	362
397	503
138	277
197	391
126	161
23	163
338	456
227	452
101	504
172	487
106	170
6	418
77	92
490	505
37	159
22	157
21	165
163	376
223	418
175	198
105	506
279	502
93	342
277	330
334	421
100	110
458	507
117	390
122	507
63	240
6	504
131	157
415	508
200	279
246	464
161	252
56	188
104	279
86	296
122	509
368	425
89	146
1	458
280	474
258	446
190	306
74	510
236	490
69	119
321	487
210	439
127	145
333	339
472	511
42	153
66	457
220	262
125	294
20	40
107	211
37	512
82	176
50	273
25	151
10	454
232	249
26	94
33	513
95	157
118	200
310	352
258	449
367	396
93	251
504	514
281	404
232	344
185	215
336	391
283	305
55	494
503	515
255	263
310	327
145	501
196	262
14	120
115	413
166	516
211	339
193	353
278	284
203	248
55	490
221	300
408	517
293	449
66	399
445	494
264	394
210	306
392	518
110	323
112	345
170	454
301	472
451	518
347	512
458	519
302	313
372	501
315	439
264	368
122	215
6	167
128	520
42	56
53	181
141	327
507	519
394	507
283	435
385	521
35	327
39	336
122	390
1	521
101	301
168	407
97	522
28	148
53	239
240	328
50	161
49	322
381	522
40	523
256	390
231	388
181	434
350	399
53	226
264	314
450	524
376	460
447	491
283	291
136	247
84	124
443	525
132	296
123	275
161	376
9	473
426	432
323	481
349	526
154	406
52	157
14	309
204	443
93	352
409	527
86	415
115	250
102	307
320	399
19	457
33	288
344	528
101	418
398	482
362	502
82	183
215	468
46	98
299	529
292	373
297	367
253	280
319	358
236	237
174	326
520	530
68	126
345	423
472	518
100	116
106	391
60	368
454	531
139	473
17	225
15	32
274	314
82	366
129	372
88	532
117	378
75	235
316	404
39	377
172	228
274	330
352	533
295	433
90	133
84	151
31	420
134	138
349	387
294	534
358	439
404	414
271	391
162	362
52	152
177	535
264	315
415	476
438	501
115	356
165	507
193	285
103	536
32	103
367	401
384	478
129	438
275	278
77	527
199	537
275	352
107	324
294	413
53	133
408	418
6	63
128	538
258	339
354	359
385	411
119	198
56	280
126	252
452	539
479	482
339	505
224	387
4	264
165	170
145	404
345	540
76	123
170	473
264	351
22	348
393	402
92	541
183	395
190	388
211	233
146	396
273	487
118	400
59	542
352	540
40	280
332	478
393	469
72	85
532	543
328	421
88	176
107	413
47	142
337	516
286	304
21	544
53	237
66	314
216	330
249	464
85	417
29	293
527	545
24	438
373	431
246	535
297	401
213	321
158	253
325	546
7	279
439	456
164	485
202	204
5	211
178	392
472	547
280	477
122	378
109	313
299	413
478	493
187	548
429	502
77	357
90	234
120	215
47	209
218	314
276	549
146	367
207	470
73	146
174	208
107	374
113	404
321	550
67	328
327	342
155	296
95	513
303	466
265	430
416	551
236	505
33	225
4	199
38	452
169	317
6	237
261	552
193	494
2	87
34	384
13	353
89	357
111	291
367	553
13	244
463	546
137	290
145	216
80	215
155	554
163	219
175	448
307	458
308	523
239	490
64	85
469	555
92	421
278	355
42	265
217	418
242	389
146	556
113	316
423	540
88	442
266	470
190	456
50	239
268	557
232	280
491	500
130	280
58	518
30	251
116	558
50	233
226	284
32	363
127	252
180	355
511	547
414	559
49	377
9	444
103	139
264	398
114	150
53	273
53	560
340	482
348	547
156	209
17	146
3	141
69	252
126	561
152	238
373	433
33	198
165	468
86	290
15	50
273	562
74	450
172	237
206	288
9	217
68	166
374	535
367	563
77	124
38	258
367	484
97	100
133	532
86	522
433	564
398	458
130	535
167	291
46	512
170	251
436	559
214	565
272	505
63	99
237	318
28	492
99	142
73	409
477	566
92	146
165	462
297	549
47	406
165	200
110	567
242	277
268	306
56	464
159	357
116	441
124	568
177	477
305	418
88	114
365	540
354	440
178	205
482	569
208	394
271	320
167	253
220	557
76	544
31	67
196	570
109	392
94	191
272	294
132	522
62	95
129	501
452	571
147	561
6	28
276	367
351	394
72	92
256	378
237	572
57	208
30	544
221	537
182	560
170	502
87	573
126	127
280	566
108	132
428	477
377	440
94	342
514	574
7	185
156	296
156	304
5	502
219	430
490	575
102	413
57	565
102	395
393	555
5	548
259	455
123	576
134	161
467	500
267	502
48	234
104	447
293	468
247	577
46	259
113	469
173	318
133	543
186	451
140	458
546	578
325	375
33	309
222	506
537	566
459	524
247	579
396	469
234	474
20	302
400	500
16	501
410	537
388	580
193	262
141	247
302	452
118	502
213	228
230	432
465	581
294	505
11	174
577	579
335	384
405	567
331	398
210	582
76	90
4	30
110	234
203	267
263	322
81	147
53	583
329	503
92	334
9	101
147	192
52	215
298	491
375	584
290	379
101	472
70	323
319	517
172	459
115	385
195	585
34	509
255	554
71	76
195	283
155	257
41	176
506	586
194	335
250	402
153	177
32	120
169	224
586	587
239	575
21	94
179	435
171	237
49	155
530	588
47	168
25	259
278	352
112	540
177	280
213	275
546	589
47	144
56	78
396	563
70	251
179	305
121	285
283	590
184	393
322	408
70	121
453	475
28	131
378	591
142	290
240	334
357	367
419	572
381	445
152	389
286	592
270	362
220	345
63	234
193	591
90	170
230	297
62	593
306	335
370	412
216	331
419	580
520	588
170	290
166	594
331	394
201	314
100	136
39	547
23	148
28	157
359	595
128	530
138	182
75	213
266	428
41	96
146	596
150	251
345	392
9	585
294	503
50	166
463	578
330	597
73	370
136	583
110	204
28	43
578	589
234	405
105	598
130	477
201	394
142	482
69	127
87	180
273	286
535	599
470	528
444	473
245	255
230	430
161	175
303	359
496	600
191	213
21	262
274	398
203	500
132	146
222	247
306	601
164	437
187	245
121	133
93	100
363	492
14	536
395	602
217	585
60	488
344	566
78	134
406	408
137	603
269	296
429	466
175	244
16	384
360	482
87	251
335	604
207	407
63	421
299	306
230	277
345	452
292	470
124	605
23	56
56	66
465	540
244	385
216	361
92	454
419	606
516	594
160	399
211	452
200	362
100	123
392	452
61	607
268	582
96	459
236	373
166	363
165	193
180	608
31	344
257	319
57	452
347	409
49	124
192	609
504	574
210	293
161	309
166	238
51	157
28	120
542	610
16	57
185	206
253	295
178	262
16	438
50	305
315	611
71	319
58	465
172	285
104	267
288	363
24	501
370	612
300	537
61	142
68	449
123	364
40	373
108	558
473	613
220	313
232	428
348	511
314	458
156	282
362	447
117	614
14	131
135	456
397	482
70	123
174	278
21	615
119	161
168	519
143	391
347	367
75	472
64	367
590	616
34	495
76	128
246	428
43	267
144	296
394	398
285	617
86	441
203	306
71	263
191	488
226	600
238	597
492	618
354	377
112	518
266	373
169	613
193	509
33	164
10	619
39	406
146	527
103	127
66	381
259	508
64	403
541	620
388	456
75	276
193	292
304	592
154	350
463	520
208	621
178	518
55	327
109	374
93	96
296	522
363	594
85	622
54	414
560	583
393	394
54	559
320	457
378	623
303	440
367	393
351	458
167	477
262	452
394	624
102	318
248	502
24	404
5	362
201	556
378	598
66	625
290	319
27	185
488	532
148	468
66	140
484	563
28	626
63	619
209	406
324	413
66	439
394	479
295	587
194	627
90	123
431	617
336	371
280	373
186	262
296	628
145	316
193	211
93	190
93	533
324	395
163	629
184	340
162	165
506	587
22	341
63	554
5	311
449	630
163	265
114	583
226	579
87	133
188	253
47	322
477	631
364	434
279	311
201	289
557	582
137	319
277	389
581	632
113	542
347	527
179	185
122	542
70	177
487	562
219	633
209	482
143	271
128	506
21	128
101	435
444	585
624	634
192	582
264	425
28	317
354	355
179	362
182	331
606	635
338	537
119	175
94	181
10	57
195	223
227	254
28	636
197	318
388	439
91	498
209	360
103	161
419	635
529	637
204	525
8	179
156	592
174	606
34	350
336	564
464	638
117	350
8	505
163	604
265	629
46	124
146	382
528	639
321	326
311	502
46	151
60	96
258	570
129	559
74	640
300	353
145	414
88	260
391	399
118	467
370	641
293	546
163	194
152	175
292	431
5	130
270	279
336	642
493	616
221	315
85	132
168	346
50	352
4	68
465	643
170	573
134	265
202	525
124	367
108	156
379	417
546	644
101	373
368	398
97	201
174	505
12	299
465	645
165	473
50	107
182	481
357	553
196	540
444	646
106	457
310	640
168	351
279	467
387	422
174	288
531	647
24	101
206	277
235	293
152	293
451	599
44	152
295	648
183	318
24	276
257	475
240	357
415	522
55	453
421	649
300	388
45	146
43	391
8	575
404	501
315	353
618	650
171	275
79	98
106	346
107	395
333	518
298	579
324	651
553	563
34	342
300	419
56	373
275	321
636	652
441	454
298	605
101	511
414	501
272	413
109	404
325	653
270	447
275	342
76	488
23	134
170	448
139	444
99	654
348	420
114	247
126	166
313	465
122	623
428	566
489	655
202	292
340	638
39	511
191	228
86	406
147	265
553	656
239	451
490	607
345	539
383	494
420	572
59	299
57	657
187	400
156	240
37	544
209	592
486	561
10	142
468	658
69	261
145	325
103	206
614	618
369	408
11	56
84	659
37	240
42	148
194	492
84	417
420	547
406	612
265	660
345	551
17	560
441	522
331	340
40	212
643	645
476	661
382	605
399	625
236	355
51	208
260	544
484	662
62	389
39	420
34	658
52	370
17	291
151	166
151	663
623	626
223	385
75	258
119	163
31	251
96	275
62	664
90	96
153	593
103	111
169	555
73	79
650	665
111	435
96	406
101	167
198	359
85	328
136	615
336	666
101	517
391	625
9	646
188	431
109	147
470	639
438	667
75	420
128	180
297	379
223	585
437	485
213	550
116	668
200	311
205	294
382	556
399	447
365	533
316	372
242	669
56	177
423	498
100	222
290	628
192	492
281	316
485	670
533	540
416	423
272	575
230	669
150	191
420	671
25	263
347	545
86	184
448	449
614	672
411	602
579	600
112	258
186	446
18	114
385	673
359	466
15	52
172	191
42	277
592	674
86	568
189	279
417	659
155	607
203	245
117	345
581	675
180	530
435	590
282	482
34	439
145	542
43	76
140	676
184	370
360	569
329	534
6	81
66	369
31	472
115	677
109	386
163	206
28	163
217	463
266	344
527	556
160	678
70	150
140	193
195	435
372	404
320	391
471	602
37	679
171	572
16	81
99	522
85	156
299	503
350	369
649	680
249	477
284	579
207	639
233	498
430	463
357	409
614	681
140	475
130	566
166	460
69	609
473	508
98	319
513	682
390	509
145	559
455	603
488	544
367	555
424	477
21	683
289	517
467	491
18	285
2	101
217	467
586	684
55	334
206	478
143	320
458	624
324	411
397	515
402	685
77	554
61	109
24	418
120	175
279	469
77	79
548	686
77	396
441	668
539	571
114	533
329	515
259	271
390	687
342	573
472	504
239	505
91	392
45	97
279	548
120	688
238	277
53	100
57	540
439	625
47	289
197	369
513	689
427	547
13	122
48	114
219	448
348	504
294	307
242	690
75	285
208	407
30	34
121	327
445	511
38	619
195	691
224	307
167	280
358	634
82	195
146	558
490	692
185	375
105	352
234	576
217	333
10	42
140	407
262	693
204	567
20	509
146	605
17	385
106	577
126	277
650	694
85	380
415	455
507	624
299	515
443	567
481	496
132	695
48	133
450	487
587	684
312	655
2	258
530	696
301	504
169	174
295	506
172	560
102	659
283	616
294	697
97	568
58	446
204	561
301	406
192	468
411	698
190	489
231	304
474	648
220	394
11	118
272	692
357	699
315	371
375	430
90	93
144	424
169	508
57	174
70	700
247	366
348	445
167	525
373	564
187	500
7	110
115	701
253	477
262	446
553	555
320	381
74	702
166	265
2	191
204	461
20	99
78	215
623	692
670	703
60	425
506	538
54	436
50	575
473	573
432	629
615	704
147	185
205	385
167	427
85	98
211	657
697	705
250	387
133	560
457	625
125	462
110	165
86	201
429	706
94	251
205	299
385	395
491	579
86	408
187	707
126	206
287	649
253	648
67	85
63	401
207	332
4	708
216	398
427	464
46	97
305	541
398	499
100	181
243	709
18	425
260	543
369	457
166	230
110	251
221	388
34	710
428	474
31	504
183	250
196	392
119	210
632	711
149	562
54	703
170	548
98	156
259	661
166	626
566	712
337	371
283	418
209	569
252	690
12	20
463	660
575	713
392	570
65	151
283	444
234	280
173	413
591	660
602	714
12	671
3	176
38	657
264	479
205	677
74	664
346	715
60	110
199	489
2	254
487	560
135	655
363	618
523	716
442	706
273	445
395	402
49	517
218	507
579	717
429	548
443	566
253	638
164	171
512	679
17	693
463	718
419	456
68	460
427	685
632	675
2	107
411	677
286	719
445	504
79	370
161	219
218	361
325	414
495	720
20	289
194	309
401	549
201	340
412	641
116	531
406	721
42	161
237	543
116	647
225	463
446	518
444	613
239	722
83	139
285	321
61	406
348	514
223	435
324	483
229	723
316	438
20	710
476	603
59	610
362	491
96	488
541	724
26	93
246	443
129	255
363	646
440	595
416	498
11	725
353	565
37	382
102	387
172	533
13	623
290	305
538	726
174	575
38	61
433	680
274	407
265	563
705	727
35	163
184	319
377	699
72	241
34	591
192	448
44	728
238	363
86	319
160	625
161	565
73	132
72	259
474	729
25	92
301	445
318	349
544	679
82	251
250	730
76	172
333	645
98	568
455	476
241	412
290	475
27	731
422	651
366	485
294	705
316	559
48	141
354	466
403	732
93	228
180	269
100	234
115	730
365	573
334	649
668	733
154	399
137	654
412	708
487	543
401	554
665	734
248	400
291	585
294	324
512	684
77	607
458	735
471	714
65	98
376	463
162	447
439	580
39	289
646	736
175	214
55	423
69	208
139	590
443	464
707	737
53	487
54	501
57	571
596	605
78	167
134	359
290	738
288	460
583	615
342	497
76	100
12	173
30	110
213	739
177	295
676	712
182	216
482	592
420	511
224	740
75	264
388	635
108	605
229	353
9	616
397	534
451	741
48	544
682	689
175	229
411	413
291	427
211	742
165	379
345	498
97	319
44	459
297	311
310	497
433	743
167	402
53	640
21	74
263	441
185	258
418	744
368	488
642	666
13	195
43	502
330	407
36	418
27	745
336	446
9	736
145	610
172	640
13	383
418	736
254	746
201	553
336	350
311	362
563	656
247	425
100	747
612	641
490	664
469	553
604	703
371	611
174	490
250	748
120	206
612	614
46	92
84	696
159	699
174	713
650	749
467	502
373	418
83	225
187	248
87	339
41	700
386	750
405	434
494	733
240	569
211	299
21	274
11	245
146	751
194	720
35	403
8	722
320	728
249	639
550	752
236	692
258	498
545	556
272	411
140	361
465	632
167	753
190	389
326	642
589	644
347	379
651	672
89	151
244	754
105	586
177	253
98	263
295	566
59	746
488	650
80	755
480	643
1	299
16	43
208	708
694	749
41	74
229	756
2	570
285	640
63	156
396	596
221	580
677	757
18	123
88	321
149	378
67	454
20	36
353	439
519	758
534	705
479	624
30	365
156	328
157	759
248	467
218	331
226	437
119	252
3	207
515	760
677	701
22	303
164	332
131	536
196	333
583	704
697	761
556	605
211	392
141	266
227	645
564	743
339	392
436	762
257	379
505	575
660	718
478	616
286	328
380	476
403	763
96	213
97	146
281	438
40	535
49	165
306	764
620	724
16	148
77	556
530	608
12	511
425	579
79	765
434	481
109	522
413	559
411	714
294	602
630	766
123	572
372	438
101	720
145	665
578	644
427	767
205	413
33	689
485	703
638	648
398	407
365	768
93	583
216	507
534	711
128	726
64	124
137	151
470	769
479	507
672	681
499	565
341	606
443	712
369	625
341	770
705	761
471	698
260	560
441	475
275	327
167	332
472	771
473	616
1	294
480	581
130	650
13	259
373	680
227	772
331	407
720	725
665	694
126	486
448	630
612	721
495	773
260	488
193	423
159	406
189	500
55	121
104	633
333	774
133	145
109	725
37	695
48	216
222	485
333	772
220	775
58	339
506	530
53	310
116	455
331	346
109	220
369	776
594	626
613	678
26	128
328	403
541	777
77	116
360	592
490	723
119	265
113	501
54	438
642	778
267	671
2	111
593	664
449	468
170	444
184	379
175	779
24	284
351	361
150	294
282	322
495	658
233	339
667	780
413	515
666	778
263	340
313	446
461	525
463	644
3	781
137	144
47	137
155	619
694	734
12	626
149	591
229	782
208	398
58	214
373	743
253	431
515	559
210	354
269	783
100	336
411	422
628	738
476	522
162	532
158	753
256	784
178	405
75	262
59	559
68	215
57	238
566	631
752	785
514	547
2	294
433	474
130	373
307	329
336	725
361	786
250	318
193	598
44	93
85	654
62	175
759	787
6	754
344	402
260	487
326	666
192	325
125	318
103	788
709	768
396	673
120	483
732	763
173	402
167	373
592	789
238	242
611	695
179	590
550	739
38	128
214	745
770	790
5	498
93	123
60	273
675	711
19	215
221	791
51	486
581	711
186	518
254	518
305	590
675	792
75	514
375	432
23	95
145	588
27	120
13	212
192	793
132	229
16	540
22	486
8	61
162	412
283	473
230	794
301	420
179	291
293	589
21	93
254	452
341	790
401	795
498	540
52	353
445	472
240	255
484	553
74	189
730	796
205	318
228	420
553	556
207	373
331	507
40	716
333	797
227	775
73	116
22	731
450	640
402	448
332	462
782	798
2	99
39	573
5	400
422	602
161	561
239	596
583	799
326	725
301	671
217	435
69	161
283	533
5	491
562	800
407	458
113	414
518	645
319	453
85	99
311	467
708	801
55	722
381	499
125	413
291	613
493	542
682	802
232	639
479	689
723	756
534	602
153	626
80	803
202	295
19	277
462	670
184	641
273	321
17	804
254	446
98	453
308	548
72	527
626	636
197	805
180	321
331	715
70	96
420	445
244	248
437	544
551	806
266	474
166	356
42	804
91	416
586	598
3	464
515	807
228	321
270	335
372	414
642	725
307	602
90	176
375	808
83	788
410	764
521	673
231	593
23	389
470	477
759	809
154	586
243	746
286	602
411	559
429	754
20	155
38	810
12	232
147	153
457	772
106	284
106	162
119	811
210	536
279	400
133	485
362	400
435	444
189	400
752	812
620	777
129	414
437	600
311	400
157	208
348	671
284	813
202	212
175	426
141	485
323	700
385	701
551	762
115	814
264	458
756	782
117	143
20	591
188	535
200	267
325	815
60	172
117	681
274	358
259	319
95	166
273	425
372	816
665	749
199	791
139	418
173	179
87	176
363	597
701	817
723	782
15	356
428	698
39	66
25	98
105	510
749	818
309	363
124	137
126	688
618	694
156	628
289	406
558	819
328	592
189	502
57	288
535	566
430	546
57	107
642	820
385	817
92	732
316	501
186	211
67	320
444	688
396	821
136	538
221	293
504	611
480	576
15	511
23	755
428	822
129	667
318	748
203	362
612	672
50	430
98	165
359	823
154	320
125	299
404	542
37	57
1	80
601	764
474	824
295	402
158	295
10	98
286	401
468	609
350	391
491	825
95	449
338	756
338	410
11	264
475	738
413	701
132	826
28	389
77	276
138	152
445	671
622	654
148	306
775	827
338	580
403	421
188	280
604	629
43	70
524	824
206	828
109	682
400	610
3	443
624	735
38	108
701	757
3	829
629	660
309	627
408	625
152	689
50	597
523	535
612	830
165	244
554	795
211	245
261	460
278	327
595	823
625	831
147	206
404	436
33	468
1	413
505	692
411	651
661	832
199	439
358	542
68	194
356	460
272	278
480	632
344	833
318	413
29	261
553	662
256	681
234	739
237	275
175	834
339	774
114	226
109	233
118	311
430	578
310	533
324	835
116	733
444	519
34	210
126	153
145	650
174	544
209	836
264	624
339	692
131	376
331	458
292	428
438	757
378	837
138	185
450	543
90	290
328	763
120	341
219	238
87	838
736	744
344	685
602	606
584	808
65	370
393	484
20	839
260	273
221	764
1	697
555	563
51	194
535	712
15	840
205	757
42	122
60	111
361	394
11	642
27	444
335	841
442	583
92	620
317	664
306	537
426	633
664	723
512	842
8	490
232	373
129	542
94	615
71	556
685	767
566	843
357	469
62	388
35	294
111	616
72	663
223	444
355	844
44	290
383	687
5	158
140	624
266	295
7	111
190	845
623	831
153	265
96	110
1	761
60	213
210	410
142	846
458	758
20	284
18	96
581	792
223	473
343	548
407	847
33	103
727	761
115	318
244	378
98	462
346	786
345	848
197	625
254	392
515	701
574	725
349	505
50	849
250	796
12	591
435	585
235	589
113	438
634	658
828	850
47	65
101	420
566	682
285	487
547	602
118	548
714	851
391	411
541	848
387	740
170	293
149	509
219	272
327	852
465	518
24	56
287	592
68	192
314	708
1	602
422	853
272	713
238	309
4	519
334	569
178	258
483	688
841	854
159	783
174	722
302	775
185	604
255	663
592	719
796	855
47	202
33	682
787	809
760	807
96	237
143	399
482	856
150	226
528	769
248	643
432	604
523	712
40	743
35	857
376	448
313	518
257	619
781	829
632	792
338	782
830	858
103	363
287	454
195	590
154	301
187	467
219	384
320	859
55	505
299	637
166	605
34	68
334	454
27	127
468	860
315	388
653	815
109	372
243	414
335	854
538	692
816	861
149	710
374	386
276	484
307	349
486	692
270	493
588	862
135	229
506	598
99	132
4	261
631	843
306	489
835	863
157	225
265	834
298	577
39	512
272	471
59	106
809	864
14	335
577	600
208	722
186	339
571	657
296	826
468	865
136	323
10	846
115	761
120	486
152	192
110	130
49	866
129	816
476	832
88	172
264	634
156	453
169	403
583	867
422	534
8	616
179	840
151	592
625	796
515	637
252	868
711	792
125	329
539	848
157	263
390	591
382	869
44	488
283	333
52	449
697	727
592	763
34	544
132	870
313	480
138	362
338	505
7	122
508	555
21	110
339	871
247	284
5	424
375	815
512	610
217	291
623	837
791	872
651	698
425	488
146	151
148	165
211	258
505	713
429	873
364	567
74	123
239	246
618	665
852	874
51	664
209	568
520	862
370	830
174	309
504	511
429	875
560	562
434	496
249	767
12	197
490	800
194	452
443	876
78	265
536	582
33	80
690	868
420	533
418	435
2	877
386	529
108	184
125	705
114	123
169	754
717	878
165	683
45	124
546	653
75	511
229	664
122	879
32	206
226	285
787	864
317	606
658	720
188	753
62	880
9	590
87	273
75	445
83	689
168	676
199	315
634	881
301	511
99	209
66	708
267	279
180	844
528	685
590	882
6	166
211	645
569	649
701	760
186	254
350	625
882	883
759	864
285	326
309	575
264	331
105	560
25	132
662	884
14	72
474	822
184	241
157	864
155	287
237	488
883	885
610	746
8	103
217	444
530	862
179	616
495	886
404	762
211	345
529	750
321	327
434	567
791	887
291	736
244	336
16	343
220	339
252	336
319	568
174	888
46	201
47	132
13	232
757	817
16	247
219	411
652	889
694	818
187	737
419	537
38	193
254	343
324	602
625	890
508	661
332	399
258	810
47	92
171	176
436	891
259	603
301	547
556	662
390	429
489	845
74	100
20	892
305	444
626	652
193	710
35	422
637	701
784	893
102	211
346	351
55	766
509	710
651	677
262	339
466	894
243	424
429	447
326	882
273	352
480	792
271	369
829	895
561	565
171	181
354	823
25	289
113	667
301	574
515	896
425	487
157	177
332	840
644	678
205	748
220	480
839	897
90	485
92	266
87	172
142	569
872	887
334	403
370	898
390	681
582	793
563	662
120	161
240	592
648	729
533	899
580	791
710	892
195	418
368	656
198	244
663	900
126	238
464	829
301	514
250	438
473	736
38	336
555	901
169	515
831	890
578	718
480	518
400	825
462	840
670	902
873	875
437	670
34	839
112	208
379	393
60	141
860	903
641	898
194	288
182	634
58	657
31	514
102	117
304	904
30	804
36	736
448	793
420	514
30	96
206	745
273	905
17	242
46	605
608	862
208	519
71	124
624	881
361	906
504	547
90	327
294	701
412	469
429	467
471	677
578	907
719	789
71	132
376	630
171	700
287	360
669	690
766	908
487	544
655	840
196	498
191	352
658	773
486	731
623	909
564	837
33	166
104	119
291	616
93	94
53	910
352	838
128	355
6	408
16	610
82	465
366	579
289	911
136	234
357	401
641	672
433	470
637	744
126	364
259	912
104	500
53	234
639	767
149	784
112	746
510	598
786	913
196	465
192	261
127	147
708	804
277	309
53	164
910	914
546	678
70	180
27	166
23	256
69	492
196	394
529	915
35	395
382	679
351	407
384	658
3	239
79	144
640	916
679	695
300	306
456	537
211	551
590	736
179	325
532	917
519	708
104	499
729	824
176	298
230	630
404	438
451	918
631	712
220	827
337	460
26	114
103	682
542	559
474	919
645	657
276	563
534	714
90	670
692	713
31	651
846	920
74	237
448	766
47	64
149	529
266	433
82	921
182	458
125	422
248	883
4	801
129	610
11	575
63	922
272	722
311	548
244	787
37	204
312	845
254	923
150	844
521	817
6	619
450	916
360	856
873	924
141	150
118	267
97	695
240	836
223	590
818	867
114	925
511	915
490	863
462	557
772	797
100	165
334	441
756	926
331	519
243	727
27	682
331	708
13	849
76	368
123	927
315	504
239	751
416	848
161	609
479	735
105	164
871	928
304	719
299	324
142	866
219	229
310	916
308	929
17	479
45	607
192	238
10	151
882	885
430	432
712	930
274	351
139	616
1	7
90	226
162	439
200	491
599	931
514	671
38	65
462	526
18	155
459	693
725	849
242	932
1	224
7	20
492	665
351	398
240	765
141	703
900	933
347	382
259	522
65	144
632	906
3	355
291	435
651	934
412	555
185	192
303	595
637	750
287	620
64	607
451	935
153	206
208	575
734	818
334	482
335	499
891	936
126	317
78	194
446	645
314	407
706	873
45	937
394	407
3	292
119	206
713	722
232	525
366	717
376	938
608	696
25	522
406	836
390	672
383	710
933	939
537	606
94	123
151	201
337	565
220	848
100	171
499	940
192	363
164	342
382	409
478	745
43	248
430	584
862	941
531	733
824	919
172	927
644	660
73	641
242	630
466	942
718	907
286	334
382	512
468	903
122	126
541	857
919	943
198	252
170	849
483	828
378	509
6	155
182	376
673	944
95	265
34	784
2	392
160	391
37	537
126	265
279	945
170	320
247	434
544	683
692	731
157	809
477	781
404	946
301	771
10	541
125	324
578	660
26	123
37	568
186	947
22	265
79	622
591	671
602	851
93	799
648	919
454	948
397	807
329	349
673	701
204	373
243	404
41	180
472	949
609	860
18	110
637	673
375	462
689	802
23	841
468	950
296	568
321	366
42	154
199	312
135	593
338	439
32	951
438	780
434	579
104	491
7	180
346	425
65	952
588	696
513	802
25	826
865	950
28	175
366	878
220	953
320	805
318	761
690	932
488	917
6	663
478	604
501	954
165	231
515	534
72	89
756	949
21	352
46	632
466	955
236	713
251	352
75	394
217	305
121	321
412	663
781	956
77	663
37	370
16	220
550	785
650	818
613	646
890	957
58	871
335	633
48	236
629	718
60	145
186	333
682	958
518	792
256	672
312	791
115	324
59	501
142	920
592	959
638	829
270	825
19	350
208	624
591	672
35	468
27	960
76	273
173	616
75	497
485	560
116	370
365	437
174	961
66	452
366	434
323	579
44	739
386	515
735	881
794	962
63	97
426	834
730	855
315	410
301	949
159	409
397	963
590	883
850	914
80	282
392	465
430	589
157	175
418	964
445	514
868	932
1	730
374	387
423	452
718	965
103	609
942	955
410	580
227	746
630	908
145	232
462	966
339	345
607	663
507	708
7	403
22	147
196	480
707	967
331	347
626	889
445	772
59	414
31	485
122	591
143	968
182	801
637	915
326	395
200	400
7	313
229	410
242	969
139	596
248	465
246	525
53	342
154	721
73	296
659	970
439	782
448	463
40	295
431	648
17	395
165	444
820	971
409	553
305	616
594	618
244	432
141	434
566	599
679	972
199	215
427	638
255	401
203	279
438	556
263	973
779	869
289	296
15	655
115	529
849	963
487	583
47	974
313	345
113	412
122	856
583	640
147	793
356	655
488	975
588	725
27	219
28	960
490	722
16	449
37	976
218	407
681	784
47	84
400	707
106	968
741	977
641	663
346	708
256	623
488	683
894	955
639	769
584	978
254	296
130	564
807	963
84	454
504	771
687	979
517	720
807	896
594	665
95	190
455	654
257	367
874	980
131	206
160	805
193	229
446	540
103	312
608	941
956	981
251	327
145	304
164	579
588	608
312	356
213	982
368	563
117	321
192	439
73	82
524	916
197	983
204	253
432	546
432	589
221	439
392	725
68	828
829	984
521	697
31	445
65	403
52	335
575	722
107	985
126	138
91	465
241	347
736	882
466	823
12	472
868	986
184	296
375	660
327	874
239	525
460	463
93	222
332	987
276	393
439	723
202	280
247	583
329	697
509	839
973	988
646	882
305	473
237	754
239	692
189	467
204	249
470	989
63	406
212	738
340	856
169	364
222	579
618	734
926	990
192	288
397	602
382	976
26	110
3	712
262	991
306	468
382	662
159	695
15	542
476	508
269	379
600	992
478	658
422	698
101	107
325	665
427	639
299	993
919	944
325	650
501	762
174	692
366	437
557	994
137	159
164	284
536	796
79	340
429	945
91	211
653	995
274	519
109	162
512	545
346	507
138	265
397	422
14	996
81	551
158	332
480	675
673	760
629	644
86	619
967	997
228	275
808	978
336	595
415	568
151	475
435	998
283	585
47	130
437	739
32	166
620	732
721	836
720	999
514	552
493	825
666	668
153	609
229	293
745	786
958	1000
416	806
590	885
123	355
445	500
111	971
161	788
447	825
117	879
344	428
713	989
15	389
7	173
416	539
563	901
756	990
82	294
136	747
750	915
602	963
14	206
487	800
570	779
109	666
291	320
269	393
383	892
641	830
109	808
403	613
317	389
748	849
625	776
7	137
90	105
14	960
357	549
151	367
99	406
124	952
521	760
34	897
307	701
695	870
84	116
288	448
263	401
5	106
355	442
313	551
312	537
243	501
900	939
375	546
209	319
236	746
57	663
412	607
895	984
67	151
467	873
158	291
459	728
532	683
103	163
266	753
165	898
95	175
254	339
346	394
4	882
503	705
154	684
378	494
55	96
543	683
120	354
506	510
131	152
625	983
39	504
242	794
118	362
703	902
621	884
151	937
119	293
91	518
330	519
165	966
420	912
111	336
214	306
434	583
70	459
155	911
271	336
773	886
251	275
335	449
429	591
89	937
441	476
61	132
357	527
133	321
53	916
29	163
494	509
574	949
85	973
343	551
390	494
536	682
244	973
89	826
258	953
470	648
34	352
413	857
112	114
655	791