8 81 26 139
81 11 115 155
22 52 3 188 73 1 17 10 196 38
2 4 24 18 38 3
128 1 26
17 34
106 1
9 52 6
160 11
70 8 197 105
128 2 18 1 7
46 138 54 3 107 144 7 77
164 19 58
23 27 1 2 144 20 183
4 164 3 14 71 7
14 134 83 9 2 90
2 23 73 11 9 7 164 158 68 155
160 17 2 57 37 88 178 8 13
62 56 16 1 194 114 80 10 2
7 70 62 85 19 113 2 156 1
55 127 2 3 161 179 162
103 116 5 46 191 9
42 27 43 1 7 11
3 173 98 21
4 19 6 21 1 101 121
55 13 3
1 172 20 57 124
149 3 47
4 6 128 88 25
190 164
1 100 94
50 180 43 7 54 135 12
3 160 123 26
48 81 179
3 17 73 19 147
4 3
139 52 49
7 36 34
154 49 71 23 14 32
21 36 56 1 106 158
171 26 1
23 14 73 12 18 169 8 4 35 40 113 2 57 117 124 116 65 3 9 77 120 58 144 22 6 19 87 5 20 1 107 118 47 10 56 134 51 52 34 156 38 43 198 25 194 78 16 63 42 79 114 7 98 172 13 155 75 147 60 142 99 135 33 54 80 189
33 3 1
57 6 158 149 68
48 9 1
76 21 8 105
2 21
3 1
45
1 82
10
150 88 34
185 169
3 63 118 25
192
46 133 5 74 3
176 36 148
95 3 1
3 86 113 180
86 19 40 33
2 64
59 143
52
3 192
11 93 3 6
12
49
189 110 23 3 2
2 9 11 15
26 3 187 5
85
8 31
86 3 95
146
161 140 154
6 1 108
94 4
2 154
45
55 16 15 4
35 7 58 37 2 38 1
1 6 8 3 53 26 5 16 86 39 147
29 130 8 1 163 58 6 131 74 107 37
182 1 6 158 5 185 83 3 45 28 160 2 22 49 139 63 175 34 47 13 177 35
21 3 18 48 5 141 102 95 112
62 3 66 7 138 26 51
36 1 39 96 48 63 12 17 172 143
8 4 11 3 191 102 41 1
197 133 170 102 38 103 69 56 168
4 175 146 3 51 47 23 126 2
2 1 195 87 57 14 3 74 65 144 16 178 32 145 163 68 106 107 34 133 183 11 151 76 63 64 59 197 4 185 188 101 135 174 5 46 147 140 10 17 120 9 95 113 98 8 12 153 75
101 181 146 24 47 62 20 166 6 1 80 2 187 45 3 162 61 155 167 95 164
1
63 121 31
1 118 37
27
