2 178
83 2
102 18
174 95
56 42
3 140
4 58
17 185
14 99
57 120
196 73
51 4
155 2
12 174
1 124
3 41
1 35
114 14
197 174
62 166
6 35
4 155
39 1
6 3
8 37
113 4
41 191
112 95
12 194
45 175
178 57
25 99
1 198
183 10
88 8
4 107
95 6
47 1
90 9
57 124
2 57
52 54
16 54
52 47
35 22
74 188
43 54
86 5
194 189
16 142
5 1
189 22
167 95
5 46
14 83
174 140
23 144
95 4
134 194
28 2
107 130
4 47
8 29
6 61
130 74
38 196
2 14
26 39
83 49
77 120
86 26
95 62
4 144
23 4
156 70
90 83
65 1
52 196
4 41
142 113
155 80
7 54
47 45
120 23
65 198
40 23
42 18
43 51
12 140
170 197
114 18
177 175
26 8
4 87
3 46
37 88
95 107
90 14
16 34
87 10
102 191
25 80
2 5
162 179
107 74
14 144
112 21
197 103
23 1
52 1
21 95
134 12
74 37
2 43
87 35
69 197
46 140
5 39
47 6
197 95
189 6
35 147
124 34
80 20
37 8
57 46
142 34
10 38
51 47
163 46
2 51
56 23
194 23
134 14
95 163
18 51
56 18
2 4
79 23
14 25
63 74
6 22
191 5
120 46
52 58
2 23
39 8
177 45
3 4
114 16
95 102
14 2
113 70
26 5
95 140
63 188
16 194
113 156
18 14
172 14
189 54
5 49
8 74
14 43
56 69
14 90
20 52
29 1
80 2
167 6
45 1
51 23
51 147
56 197
127 179
83 5
46 197
4 3
1 22
43 60
169 60
127 162
52 73
113 79
194 54
56 170
20 58
169 43
17 107
10 196
140 163
191 46
194 40
102 41
77 23
168 103
2 134
9 153
144 1
1 10
28 5
87 153
114 194
1 57
87 147
4 14
54 47
2 144
144 87
142 4
54 56
3 35
52 10
183 87
163 197
172 43
107 185
3 14
47 61
168 197
87 9
16 56
113 23
95 166
25 20
14 9
124 57
18 147
155 58
95 18
8 1
57 34
79 56
43 7
