3	6
5	7
1	8
2	8
1	2
5	9
7	9
4	8
2	10
4	9
1	11
8	11
7	12
5	12
1	4
4	13
7	14
9	12
11	15
5	14
8	15
7	16
1	15
5	16
12	17
15	18
5	17
14	16
10	19
9	16
16	20
16	17
7	20
17	20
20	21
5	20
14	20
18	22
15	22
5	21
12	21
5	23
1	18
16	21
14	24
2	19
9	23
8	18
11	22
10	25
19	25
7	17
1	22
9	14
16	26
16	23
12	14
7	24
5	27
5	26
21	27
8	22
16	24
15	28
20	24
26	27
16	29
22	28
14	21
20	23
23	30
9	21
20	27
9	20
1	31
18	28
23	24
8	28
30	32
9	17
17	24
6	33
2	25
1	28
6	34
26	29
3	33
24	30
6	35
3	34
9	24
7	23
30	36
14	17
34	35
14	30
32	37
12	23
27	29
28	38
33	35
11	28
32	36
8	31
24	39
33	34
20	39
12	27
18	40
24	27
5	24
11	38
26	41
3	35
21	24
7	30
15	42
14	36
36	37
11	18
12	30
23	43
17	21
11	31
8	40
21	44
18	42
15	31
7	21
27	30
14	45
5	41
18	31
5	46
12	16
23	26
15	38
17	47
18	38
1	38
17	27
30	37
41	48
12	20
14	37
30	43
25	49
19	49
7	27
28	42
7	50
16	27
24	41
31	40
22	38
50	51
16	30
23	37
12	36
14	52
22	31
17	44
9	27
33	53
28	31
40	42
31	54
38	40
32	43
5	48
14	55
31	38
45	55
12	24
46	48
2	56
7	51
20	30
10	49
3	53
52	57
34	53
14	32
29	41
31	42
40	58
22	42
5	30
24	46
9	30
19	59
1	42
1	40
12	45
35	53
5	60
6	53
17	30
1	54
9	46
23	61
23	27
27	36
10	56
26	48
23	62
27	45
17	32
41	46
8	63
16	37
49	59
30	39
16	32
39	64
52	55
12	61
43	61
64	65
31	58
38	54
39	65
5	37
2	66
12	41
5	47
55	57
14	27
33	67
37	55
26	47
25	59
31	63
21	68
34	67
47	60
53	67
17	69
19	56
29	47
11	42
26	70
56	59
2	49
27	70
25	71
28	40
12	69
59	71
38	42
55	72
25	56
18	54
37	43
16	46
33	73
8	38
15	58
41	45
28	74
41	70
34	73
37	61
10	59
63	75
31	74
17	29
5	69
13	76
20	64
38	74
23	32
56	71
7	77
46	69
15	40
54	63
25	66
75	78
14	23
57	72
20	70
17	68
3	79
34	79
32	55
15	74
49	56
57	80
19	71
18	74
21	30
16	39
52	81
6	67
1	74
20	32
75	82
66	71
16	51
60	69
79	83
55	81
58	63
54	74
39	70
39	84
9	70
30	77
17	23
7	61
21	85
22	40
63	78
16	84
23	41
33	86
38	58
23	36
33	79
54	78
6	87
47	69
8	42
24	60
59	66
86	88
17	39
58	75
44	85
53	87
4	89
6	86
29	69
3	83
23	77
32	90
73	86
22	54
53	79
32	62
51	91
37	72
14	57
35	73
41	69
64	92
36	43
39	41
13	89
76	89
40	93
11	58
20	37
18	58
72	94
62	77
10	66
6	88
31	78
76	95
37	41
7	32
53	88
53	83
22	96
42	54
46	47
11	74
33	87
58	97
1	96
45	48
3	88
16	61
26	98
2	59
72	81
14	48
7	46
57	99
89	95
65	92
78	82
57	81
53	100
58	74
79	88
38	96
51	101
28	54
8	74
16	45
18	63
45	102
27	57
26	69
3	103
27	47
48	55
11	75
45	47
98	104
29	98
28	58
4	76
49	66
58	105
39	46
3	67
22	78
21	32
72	106
28	78
34	103
45	81
29	48
45	107
86	87
7	39
50	101
36	62
88	108
75	105
37	39
3	86
83	87
71	109
28	105
47	68
13	95
13	110
31	93
23	29
32	41
5	50
102	111
97	105
53	103
50	61
53	112
15	78
1	75
56	66
40	96
4	113
61	72
10	71
6	79
67	83
112	114
74	78
30	90
35	88
83	88
105	115
44	68
29	37
26	45
22	63
36	116
57	61
41	102
69	102
21	39
5	117
80	99
24	37
43	57
53	86
74	118
17	45
54	96
58	115
73	79
94	119
60	68
20	69
91	101
50	77
74	120
49	71
36	57
42	58
94	106
102	121
32	64
53	108
27	60
95	110
116	122
6	83
12	48
103	108
11	40
9	123
60	70
83	103
16	117
74	96
10	124
79	87
11	54
35	86
118	120
73	125
33	103
27	50
86	100
36	45
46	126
67	103
76	113
39	61
15	54
66	127
69	111
35	87
26	50
10	109
53	128
2	71
89	110
96	120
36	122
88	129
11	78
24	72
21	45
53	73
69	130
45	117
29	36
97	115
19	66
122	131
111	121
80	81
15	75
79	125
26	132
14	44
24	106
17	41
32	92
57	133
95	113
1	120
42	97
14	123
36	134
79	86
21	41
59	109
32	65
45	135
5	111
9	36
73	103
67	87
27	136
66	109
76	110
7	101
116	131
11	137
26	37
45	50
50	91
109	127
10	138
19	109
61	99
26	51
53	114
20	139
60	136
28	118
124	138
43	81
87	140
60	111
62	64
108	114
21	37
107	141
1	82
2	138
12	117
79	129
33	142
55	65
58	78
11	115
45	116
87	143
67	128
9	41
4	95
31	105
117	144
38	120
78	96
28	63
21	84
112	145
14	41
74	75
40	74
40	115
32	146
64	77
24	45
20	41
24	62
91	147
10	127
48	69
86	129
45	131
125	148
13	113
45	51
16	106
28	149
36	46
33	143
18	93
38	150
73	112
27	123
52	72
98	132
124	151
51	70
47	136
30	41
68	111
107	152
52	80
45	80
82	120
34	87
126	153
109	138
20	101
12	32
103	142
123	154
5	32
46	117
12	122
101	147
152	155
28	120
67	143
9	154
3	87
80	156
17	111
63	82
57	122
65	81
56	157
23	111
7	84
23	50
60	62
69	158
12	43
72	133
59	124
68	85
26	159
49	127
46	144
68	102
110	113
84	160
102	116
71	157
42	78
100	128
18	161
124	127
100	114
83	86
122	134
42	162
93	161
10	157
23	45
5	45
132	163
131	134
109	124
49	109
145	164
112	164
73	83
85	102
11	161
47	165
27	32
34	86
17	102
9	37
113	166
100	129
46	153
1	78
38	78
147	167
90	146
46	111
25	157
110	166
141	168
123	136
7	91
1	58
43	72
130	169
10	151
28	97
51	147
6	73
156	170
35	140
58	82
31	75
4	110
27	171
8	137
66	124
25	109
86	112
111	172
80	135
8	161
31	115
94	133
92	173
116	134
32	57
114	164
4	166
33	174
19	138
2	124
102	117
113	175
108	128
106	133
55	102
41	126
144	176
73	145
76	166
83	140
51	60
60	177
40	78
102	172
8	78
117	176
21	178
30	126
85	172
1	137
16	116
134	179
32	47
24	133
107	168
39	178
27	180
26	72
9	45
89	113
114	128
93	181
24	94
33	83
71	127
86	143
92	182
119	133
32	60
49	124
55	69
171	183
86	128
103	143
40	150
66	138
29	184
45	144
25	124
41	172
43	46
143	185
82	115
130	158
173	182
5	123
47	186
33	129
18	149
7	45
32	116
137	187
142	174
117	122
27	183
5	132
15	188
1	150
55	123
151	157
46	176
95	189
108	112
75	188
3	140
77	126
66	190
8	118
153	176
5	57
128	143
98	191
80	131
110	189
59	151
9	32
171	192
37	134
138	190
107	155
62	72
17	193
4	175
47	50
14	61
165	186
73	194
83	145
10	190
77	92
27	139
186	195
5	44
75	150
39	57
28	137
4	196
26	57
29	122
47	153
37	159
28	197
13	166
141	152
27	39
145	194
178	198
61	101
30	139
92	116
183	192
91	199
17	26
85	111
116	117
112	125
175	200
8	187
11	82
37	154
97	162
87	100
26	171
17	46
166	175
74	187
33	88
51	57
91	167
56	109
12	154
55	158
101	167
92	134
37	179
26	192
71	124
73	88
125	145
87	112
6	142
