#module 0 size: 8 bs: 4.53246e-06
1 5 10 17 24 42 94 105 
#module 1 size: 6 bs: 0.00392611
4 41 53 73 75 103 
#module 2 size: 8 bs: 0.708473
6 11 12 82 85 98 99 108 
#module 3 size: 10 bs: 0.124786
20 30 31 36 56 80 81 83 95 102 
#module 4 size: 6 bs: 0.00113521
12 25 29 51 70 91 
#module 5 size: 11 bs: 0.535852
8 9 22 23 51 52 69 78 79 109 112 
#module 6 size: 9 bs: 7.41439e-08
47 50 54 68 74 84 89 111 115 
#module 7 size: 9 bs: 0.705038
45 49 58 67 76 87 92 93 113 
#module 8 size: 6 bs: 0.670477
18 21 66 88 97 114 
#module 9 size: 6 bs: 7.41438e-08
28 57 63 71 77 96 
#module 10 size: 7 bs: 0.000764553
19 32 35 55 62 72 100 
#module 11 size: 11 bs: 3.51345e-07
3 7 14 16 33 40 48 61 65 101 107 
#module 12 size: 9 bs: 7.95529e-09
2 26 34 38 46 90 104 106 110 
#module 13 size: 5 bs: 1.26612
37 59 60 64 98 
#module 14 size: 7 bs: 1.69147
13 15 27 39 43 44 86 
