#module 0 size: 18 bs: 0.661578
1 2 3 4 5 6 7 8 9 11 12 13 14 17 18 20 22 31 
#module 1 size: 13 bs: 0.730789
9 15 16 19 21 23 24 27 28 30 31 33 34 
#module 2 size: 3 bs: 0.444966
25 26 32 
#module 0 size: 18 bs: 0.661578
1 2 3 4 5 6 7 8 9 11 12 13 14 17 18 20 22 31 
#module 1 size: 12 bs: 0.725491
9 15 16 19 21 23 24 27 30 31 33 34 
#module 2 size: 3 bs: 0.545931
25 26 32 
#module 0 size: 10 bs: 0.842192
1 2 3 4 8 13 14 18 20 22 
#module 1 size: 6 bs: 0.629453
1 5 6 7 11 17 
#module 2 size: 5 bs: 0.8378
24 25 26 28 32 
#module 3 size: 11 bs: 0.755475
9 15 16 19 21 23 27 30 31 33 34 
#module 0 size: 10 bs: 0.842192
1 2 3 4 8 13 14 18 20 22 
#module 1 size: 6 bs: 0.842192
1 5 6 7 11 17 
#module 2 size: 6 bs: 0.534934
24 25 26 27 28 30 
#module 3 size: 11 bs: 0.693638
9 15 16 19 21 23 27 30 31 33 34 
#module 0 size: 10 bs: 0.842192
1 2 3 4 8 13 14 18 20 22 
#module 1 size: 6 bs: 0.629454
1 5 6 7 11 17 
#module 2 size: 17 bs: 0.847678
9 15 16 19 21 23 24 25 26 27 28 29 30 31 32 33 34 
#module 0 size: 18 bs: 0.661577
1 2 3 4 5 6 7 8 9 11 12 13 14 17 18 20 22 31 
#module 1 size: 19 bs: 0.842192
3 9 10 15 16 19 21 23 24 25 26 27 28 29 30 31 32 33 34 
#module 0 size: 10 bs: 0.842192
1 2 3 4 8 13 14 18 20 22 
#module 1 size: 6 bs: 0.629454
1 5 6 7 11 17 
#module 2 size: 17 bs: 0.847678
9 15 16 19 21 23 24 25 26 27 28 29 30 31 32 33 34 
#module 0 size: 10 bs: 0.834409
1 2 3 4 8 13 14 18 20 22 
#module 1 size: 6 bs: 0.629453
1 5 6 7 11 17 
#module 2 size: 19 bs: 0.641868
3 9 10 15 16 19 21 23 24 25 26 27 28 29 30 31 32 33 34 
#module 0 size: 18 bs: 0.661578
1 2 3 4 5 6 7 8 9 11 12 13 14 17 18 20 22 31 
#module 1 size: 12 bs: 0.6843
9 15 16 19 21 23 24 27 30 31 33 34 
#module 2 size: 3 bs: 0.725491
25 26 32 
#module 0 size: 6 bs: 0.629454
1 5 6 7 11 17 
#module 1 size: 10 bs: 0.842192
1 2 3 4 8 13 14 18 20 22 
#module 2 size: 17 bs: 0.847678
9 15 16 19 21 23 24 25 26 27 28 29 30 31 32 33 34 
