49 51 63
7 200 148 6 9
87 2
23 79 55
3 25
5 77 2 58 187 8 134 14
128
22 59
131
165 9 118
1 55 145 147
188 190
4 179 20
134 6 1
9 119
6
45 113
51 2 25 82
72 3 9 5
3 61 107
8 5
15 186 133 145
28 15
40 18 1 5
5 4 117 108
62 56 25 5
1
142 139 1
4 2 60
1 60 3 178 156 12 99
14 106 16
2
150
175
119
4 163
43 95 109 42 86 175 2 47
27 172 5 135
161 73
37
177 25 12
175 1
4 12 17
195 99 1 162 64 70 134 2 4 5 45 90 183 39 55 15 51 7 112
162 80 132 62 63 64 28 23 115 6 11 1 148 123 70 156 2 37 5 85 44 19 20 12 4
196 95 51 34 150 55 72 124
169 2 21 27 25 56 146 20 44 14 5
99 67 6 13 16 17 74 28 4 8 15 59 186 79 27 189 3 1 185 55 177 39 72 120 12 38 166 43 52 143 58 155 173 32 128 14 80 5 190 2 168 147 41 57 36 112 25 9 45 196
24 52 3 21 45 99 5 50 2 111 158 105 34 180 18 145 35 142 101 10 114 102 8 19 155 121 168 112 27 7
7 170 187 35 158 87 44 183 73 16 124 26 30 2 8 10 5 191 54 21 34 20 17 69 18 90 1 3 198 12 11 180 31
21 2 1 110 4 103 63 17
5 19 6 11 57 75 17 158 48 102
55 14 57 184 42 130
70 1 76 95 160
12 88 198 197 29 5 125 6 20 171 18
126 13 3 2 33 115 1 8
48 31 181 180 5 94 4 141 197
2 24 170 1 47
61 10 13 29 16
24 20 93 32 85 8 138 144
10 150 1
167 10 5 22 9 29
149 128 3 32 29 30 141 76 57
62 191 20 172 170 19 6 144 14 2 75 84 8 68 1
1 64 87 57 14 112 167 7 179 47 34
2 24 56 126 95 106 21 78 38 52 176 75 135 144 113
198 51 3 28
25 1 31 27 172 180
47 21 12 104
106 40 12 157 103
42 70 28
117 96 57 8 1 13
75 72
6 10 58 9 27 96 176 186 20
1 3
5 9 63 37
91 5 8
52 2 73 57 158 54
36 2 16 5 150 74 65 59
153 41 29 14 21 2
93 138 2 85 197 7 165 20 1
83 96 22 97 19
181 17 152
10 12 19 170
7
9 1 173 154 194
56
19 76 195 7 183 150 66
47 185 74 5 8 62
164 18 47 2 58 12 11
73 4 29 113
76 142 2 1 5 69
49 114
1 2
102 3 10 50
104 3
149 18 65
11 55 13
