172 62
191 1
18 45
52 189
32 29
57 190
80 115
10 96
4 36
34 18
12 168
59 128
191 158
2 12
41 153
96 83
85 6
21 34
114 180
183 180
10 186
185 55
2 99
50 158
141 180
78 113
74 45
39 1
178 60
36 57
51 95
186 6
34 52
50 18
88 29
36 8
2 191
183 55
16 73
39 7
185 166
57 168
2 128
106 176
6 17
125 198
47 1
87 1
176 144
142 5
19 5
5 58
80 12
21 170
135 106
176 126
167 47
85 138
11 156
57 13
101 19
112 50
190 112
39 112
19 62
1 45
64 12
1 7
50 112
96 117
41 3
38 36
4 173
75 126
23 162
80 64
27 25
141 30
124 8
99 6
162 44
80 168
70 76
54 87
33 126
19 23
54 57
20 123
26 17
173 9
17 5
186 14
74 65
5 120
55 95
198 18
32 6
18 183
12 177
5 142
176 2
125 18
34 112
14 167
11 18
1 160
80 166
186 28
142 8
7 87
21 19
162 4
99 111
6 7
149 30
3 147
6 38
6 115
5 43
34 69
23 28
84 6
18 191
198 73
56 38
168 72
23 2
128 32
79 143
115 2
1 20
190 5
26 34
8 180
51 196
150 195
5 39
93 20
26 69
38 176
80 11
47 64
138 144
2 7
103 12
95 196
85 8
28 12
56 21
17 6
26 30
14 179
14 170
186 143
121 111
9 80
168 8
52 173
167 7
94 4
155 14
190 57
45 155
102 6
10 170
86 42
73 183
173 59
24 168
90 195
32 196
29 88
85 197
22 9
70 51
2 27
1 117
58 96
55 70
64 55
3 112
75 102
42 57
24 8
155 57
1 168
12 162
28 162
166 1
20 56
52 7
195 4
196 2
142 99
21 7
158 7
144 84
17 21
155 111
185 16
5 85
59 13
6 171
58 5
183 39
57 54
8 3
1 3
158 2
36 65
170 90
186 10
158 21
48 19
196 5
50 10
87 187
14 41
186 32
19 7
59 45
138 8
187 21
191 6
115 162
126 2
149 76
35 16
144 56
10 3
39 57
8 112
68 2
20 172
43 120
6 13
95 70
8 1
3 60
150 19
38 15
42 55
19 83
76 29
186 20
2 148
31 94
112 9
45 112
84 20
66 150
2 13
30 87
112 179
5 37
144 2
72 4
167 179
2 3
125 20
34 10
112 51
168 155
142 52
185 168
60 12
55 14
121 142
168 35
96 22
21 8
87 26
32 9
183 21
62 185
41 12
78 24
80 25
55 41
123 62
27 99
4 1
19 170
38 58
112 58
1 80
90 7
195 64
90 187
19 14
28 72
155 1
6 125
10 18
47 42
18 125
166 57
111 180
134 5
15 51
55 185
2 1
5 10
16 183
39 27
5 168
8 7
21 73
93 197
19 1
80 6
102 5
12 18
27 50
26 73
187 73
24 111
145 7
2 150
13 16
31 141
18 158
93 8
17 110
111 114
14 5
155 99
186 39
191 34
112 180
21 14
5 8
6 158
27 14
146 14
191 144
10 7
2 166
186 9
23 44
24 93
90 70
69 90
52 105
166 8
95 109
74 177
36 13
45 5
2 17
19 144
4 70
142 1
6 112
21 135
2 62
158 75
10 58
50 155
54 12
3 185
80 85
189 155
87 2
124 12
160 95
5 19
64 179
90 183
128 2
51 7
20 171
197 141
20 27
73 35
189 38
52 120
112 79
177 168
32 5
26 7
2 55
2 168
10 2
24 56
166 41
6 45
27 169
47 12
27 44
191 5
2 23
39 8
2 36
16 2
32 30
180 25
70 2
103 40
57 76
41 38
112 90
6 44
13 39
115 13
177 189
80 155
79 27
62 47
124 30
62 5
34 55
144 68
14 21
179 47
196 190
58 143
1 186
55 3
128 76
47 179
94 141
145 34
24 3
80 8
64 115
190 16
130 57
41 57
190 27
2 126
34 64
55 4
99 10
168 177
191 170
85 5
29 3
183 70
57 149
62 170
73 124
142 168
57 179
5 123
20 8
111 52
4 115
6 123
198 35
64 11
155 52
1 172
16 10
11 19
63 21
57 73
86 2
3 99
50 168
187 20
14 56
19 63
99 180
63 62
17 87
124 51
28 58
64 39
88 5
57 12
12 44
13 74
147 185
183 26
31 5
144 62
143 8
3 33
59 38
170 47
170 1
155 2
170 8
31 34
56 44
60 3
3 41
2 33
28 79
144 170
12 3
148 23
120 28
34 5
12 120
45 168
56 20
9 96
126 113
6 18
36 2
35 90
4 103
20 10
7 10
14 7
128 43
75 158
54 10
80 4
72 79
145 142
87 7
43 95
80 39
5 4
12 103
2 44
6 20
67 39
189 99
6 62
167 87
8 121
24 170
87 112
125 6
79 196
72 57
69 124
168 185
5 128
144 38
32 177
17 120
128 141
143 5
30 1
8 185
173 27
12 21
58 177
35 19
21 114
17 2
181 5
48 141
158 30
173 38
120 177
24 52
47 185
8 13
34 187
114 102
39 25
186 57
10 87
187 77
87 179
12 88
57 55
189 39
57 96
1 132
196 51
162 80
74 166
103 4
4 123
30 149
112 158
3 142
77 187
95 2
170 20
32 38
75 6
12 14
7 2
64 51
155 142
126 33
195 51
168 67
169 21
51 150
185 8
180 12
63 17
10 34
74 32
68 75
186 79
112 7
50 101
19 2
13 96
175 86
36 5
43 155
111 21
185 1
7 124
45 52
79 1
62 20
1 70
198 124
162 62
64 6
44 5
147 16
21 2
153 2
29 30
21 38
181 48
58 2
37 64
168 190
52 111
4 9
23 63
106 103
80 38
186 43
65 74
12 156
6 43
21 44
59 173
1 95
28 32
6 84
2 68
134 187
148 156
2 176
1 41
37 62
95 55
25 143
72 124
102 48
147 128
70 1
143 59
2 177
7 168
23 12
58 11
52 79
14 74
27 172
3 5
41 5
29 32
5 36
50 7
35 158
2 56
177 28
44 11
52 2
55 45
162 148
3 189
61 16
17 75
13 32
4 32
111 168
12 55
183 158
106 12
68 6
196 55
148 85
156 178
3 19
170 198
80 28
54 73
185 74
55 57
79 99
7 35
95 135
20 28
6 5
12 4
8 102
13 61
76 30
25 56
17 30
43 17
11 70
1 57
58 59
41 177
20 25
87 124
2 197
120 9
23 5
14 42
54 17
5 101
34 24
12 99
27 2
113 38
183 150
85 7
11 58
51 134
18 11
22 10
153 14
142 111
164 12
15 13
21 20
8 75
7 26
28 14
43 47
7 5
15 6
55 184
20 18
106 38
20 6
112 111
141 48
5 112
158 145
57 1
111 45
8 114
10 24
128 30
3 156
3 149
6 191
124 20
54 52
3 2
170 10
6 172
180 172
196 95
158 111
31 180
8 105
109 47
12 178
12 54
1 99
39 186
34 124
173 17
180 158
134 2
8 143
10 191
58 20
67 168
20 68
111 3
27 168
29 197
1 19
2 85
87 11
38 135
96 1
19 66
2 57
7 45
16 29
63 6
1 62
14 120
8 14
138 32
17 63
8 134
33 2
148 70
20 14
172 19
172 144
2 38
34 47
158 5
58 8
45 3
168 186
185 62
64 63
111 27
10 105
38 196
39 177
2 90
85 115
52 145
2 73
39 38
190 55
43 12
166 38
70 55
99 101
191 187
85 23
132 70
143 6
72 155
6 102
144 106
3 32
30 5
55 120
14 47
198 7
150 7
24 85
150 74
112 4
173 43
51 45
69 20
50 8
64 112
112 167
4 195
55 79
58 13
26 183
34 35
125 12
43 55
197 94
20 84
189 41
15 112
8 168
12 11
73 57
155 38
34 1
43 173
14 3
6 14
197 2
166 55
146 2
190 32
183 187
177 27
7 112
173 79
38 74
57 47
165 20
9 7
2 26
5 62
20 90
155 120
170 34
21 95
177 39
143 4
52 50
15 70
124 196
103 1
27 80
2 21
144 176
5 44
35 3
19 132
189 80
11 1
27 41
38 57
28 4
85 93
39 155
18 7
170 87
172 20
143 128
17 187
27 13
80 1
25 9
31 16
14 25
112 99
20 93
96 20
99 50
38 155
13 8
72 55
191 87
155 12
150 66
128 189
29 14
59 143
19 183
93 7
12 2
43 86
6 11
30 76
27 3
18 164
16 5
43 74
52 9
10 52
52 158
11 132
144 32
111 121
21 31
5 102
69 7
147 8
57 42
126 144
12 190
185 147
180 24
25 16
180 99
73 16
5 30
121 34
25 169
165 7
75 11
30 32
172 191
1 6
21 158
76 195
198 54
1 10
29 76
31 172
42 2
93 138
2 144
1 15
10 111
70 123
3 30
9 173
44 2
5 12
21 41
52 45
2 156
16 72
14 169
67 186
158 87
80 123
19 4
69 73
175 95
79 74
55 130
41 185
52 24
27 112
2 158
21 90
14 75
10 114
180 35
158 3
51 4
99 38
58 28
31 170
55 134
176 56
168 21
80 132
3 115
34 196
143 55
16 36
22 97
58 147
79 3
5 56
190 120
18 17
85 64
30 18
6 148
90 1
20 176
128 16
144 14
2 25
8 19
5 197
93 2
5 7
177 186
128 57
72 150
41 14
126 78
7 14
74 28
190 80
52 4
115 33
6 19
96 19
45 2
189 143
1 142
27 10
34 102
8 2
19 8
73 2
3 180
16 13
16 74
186 41
1 128
112 47
158 44
128 5
47 74
185 25
29 21
20 162
16 158
99 8
6 23
175 2
43 42
99 74
132 80
197 198
78 106
13 45
130 184
185 177
120 196
64 14
5 198
173 154
96 6
67 177
27 56
47 11
52 176
172 31
4 80
34 142
12 60
76 57
19 52
189 25
3 24
106 113
7 34
6 173
13 5
25 28
12 87
10 180
36 43
156 1
156 70
186 74
150 16
45 74
50 52
11 34
106 40
58 128
13 128
41 4
56 27
130 42
141 94
25 3
95 106
75 2
11 20
183 66
11 148
24 176
105 21
8 62
16 38
59 28
43 109
99 15
8 28
5 3
39 189
197 31
117 57
47 43
2 52
120 58
10 9
112 155
1 33
58 120
43 39
4 168
19 158
61 29
16 1
15 196
88 198
123 85
10 45
25 27
128 13
5 51
55 124
95 86
19 34
51 124
102 75
109 2
11 37
168 2
196 9
27 21
170 84
90 5
65 2
178 12
157 103
111 112
74 36
190 168
55 112
54 183
106 52
155 9
158 54
44 146
143 3
63 28
12 19
10 22
52 18
172 14
168 19
90 162
72 58
14 20
47 112
44 73
5 17
12 38
45 99
44 63
34 8
38 13
15 27
25 112
121 18
54 90
21 1
20 124
4 5
173 1
16 58
6 88
12 124
2 134
150 55
51 72
19 64
55 39
20 197
155 34
31 183
4 183
189 59
158 20
86 95
21 27
64 4
179 1
52 8
12 158
170 14
15 8
51 39
32 16
17 14
50 21
63 148
7 47
52 168
7 197
14 9
27 19
6 144
156 44
50 121
77 5
4 147
147 5
154 173
175 43
32 186
185 155
2 74
34 90
99 41
2 198
75 14
36 186
168 50
112 143
117 96
185 15
1 55
18 29
172 25
149 29
146 25
94 31
102 24
87 198
2 16
57 30
45 166
5 72
158 12
155 45
32 3
99 3
144 8
79 32
128 39
3 55
63 5
15 39
183 30
5 185
4 2
183 12
57 32
99 168
60 178
147 143
72 12
8 34
21 144
6 156
72 51
58 9
8 155
10 5
17 39
16 189
99 7
67 43
52 38
6 75
11 35
3 120
55 166
21 35
79 173
197 181
3 12
6 9
101 21
8 6
32 149
2 120
56 2
24 19
24 126
77 134
85 20
185 120
85 1
168 45
28 2
68 8
132 64
3 8
121 168
74 15
25 6
63 23
12 1
32 155
58 12
3 87
13 33
20 30
34 95
138 24
103 2
128 55
24 2
83 97
24 27
155 4
147 36
112 43
102 158
130 14
150 2
2 87
196 112
52 43
105 158
17 18
12 58
112 39
1 126
87 170
27 43
12 16
111 145
181 197
69 21
31 158
134 77
2 69
112 41
1 2
28 64
176 9
115 123
14 134
16 3
72 196
171 29
56 113
10 13
195 66
2 80
14 146
63 64
76 32
177 36
26 31
95 150
20 198
164 2
120 25
17 1
200 6
27 59
162 195
56 126
57 52
196 72
20 146
101 24
184 130
95 43
177 147
19 97
95 78
25 2
1 47
41 58
45 105
73 20
195 134
13 6
5 48
132 19
183 16
113 106
142 105
142 112
162 37
35 99
2 18
76 149
1 17
42 86
11 63
132 20
8 47
84 170
162 123
69 5
21 103
85 144
111 155
154 9
144 21
190 177
29 57
3 59
2 54
143 155
1 13
5 94
106 56
36 67
70 112
58 80
34 50
44 191
173 186
14 38
2 142
66 7
80 148
26 170
99 52
24 75
21 176
195 183
173 194
8 45
144 78
27 111
197 5
2 76
15 173
6 12
12 148
75 19
90 170
20 2
27 96
43 2
180 198
18 58
120 79
30 2
5 111
158 8
64 80
8 15
112 15
30 183
5 20
35 21
3 50
8 87
13 1
166 4
101 105
47 2
33 1
25 21
58 6
198 29
32 8
44 19
13 126
24 158
183 2
143 36
2 164
93 24
5 32
10 50
39 14
17 80
105 24
28 74
13 14
9 155
87 12
187 5
190 186
10 26
20 144
1 96
47 62
3 52
200 148
20 170
106 2
87 57
168 111
70 162
168 112
173 112
26 2
5 11
2 170
37 148
128 190
184 57
26 44
13 29
170 54
8 20
12 23
12 196
168 6
19 85
198 16
1 58
143 45
196 39
5 99
148 123
5 27
158 124
7 155
80 162
30 20
11 69
10 20
168 121
88 197
156 64
83 19
58 14
1 14
42 95
57 38
16 59
8 58
36 74
168 38
12 198
123 20
7 99
18 35
1 27
125 5
124 72
2 14
52 113
11 12
186 112
187 8
80 112
130 55
45 55
4 31
55 72
7 183
87 64
13 38
20 191
3 126
67 13
155 27
27 158
56 169
27 186
39 67
186 59
19 168
16 31
68 172
1 197
6 8
19 21
5 6
57 28
115 1
134 4
12 155
45 15
134 1
2 5
191 30
10 102
19 22
76 1
35 27
55 28
109 42
1 76
17 191
84 19
189 128
180 31
155 112
8 57
12 32
24 32
16 198
168 180
30 57
96 57
87 30
70 20
12 185
37 2
190 3
75 170
1 51
10 176
144 6
35 34
18 52
56 25
195 7
22 5
70 23
21 78
61 13
187 7
75 48
39 55
145 35
2 110
20 64
5 150
14 184
64 20
87 47
8 115
17 73
166 143
18 171
67 155
141 76
79 112
4 90
21 17
34 87
6 96
195 70
1 8
191 19
20 63
74 41
85 123
38 72
17 52
111 24
16 185
144 135
59 15
38 24
113 95
10 142
115 62
39 90
26 187
36 150
38 4
99 60
1 84
109 43
8 77
5 16
5 2
20 58
29 5
3 58
9 45
17 173
141 32
44 20
9 189
45 43
60 1
20 62
54 18
12 5
94 180
19 20
13 117
6 74
4 39
18 6
11 6
2 132
5 55
52 10
176 38
124 170
76 160
1 5
153 29
43 1
62 144
78 176
180 102
43 186
128 143
12 180
16 12
170 144
113 24
38 185
157 12
2 6
55 15
6 166
43 190
78 52
177 79
128 3
18 50
96 13
57 185
39 41
10 183
76 70
180 101
28 80
70 80
167 1
121 3
14 55
5 14
32 2
17 189
21 112
58 155
186 27
20 85
18 2
52 114
28 123
45 36
185 28
197 1
69 76
64 23
51 2
77 8
38 2
146 20
120 1
94 48
155 16
99 112
155 114
69 142
55 43
14 62
78 21
7 191
106 95
177 38
187 11
156 2
76 7
36 4
62 2
168 52
6 64
87 18
55 1
147 79
7 114
34 27
14 153
19 45
12 72
87 158
184 55
184 14
30 21
36 1
158 34
134 58
175 109
128 14
42 184
55 36
6 57
185 5
18 198
112 5
156 60
195 1
1 178
10 168
114 50
8 52
185 38
5 74
43 168
180 124
13 10
20 29
18 19
21 169
2 29
158 11
25 79
142 121
69 1
52 144
198 17
51 112
190 74
176 52
150 65
68 144
156 23
16 143
3 168
9 6
162 183
37 63
90 124
75 20
32 79
3 1
5 162
142 35
55 168
146 5
4 55
172 180
16 27
2 115
12 90
85 19
2 63
44 169
9 36
54 191
99 195
111 8
112 195
2 20
7 195
126 1
14 8
44 25
3 190
168 57
27 58
58 134
21 16
24 21
4 134
2 112
149 3
64 57
87 35
2 45
52 72
181 31
186 96
95 1
75 172
52 112
20 7
20 96
48 94
16 39
64 47
128 168
1 11
57 74
14 58
194 1
25 43
2 4
6 170
50 102
4 16
59 166
4 12
171 198
87 14
191 21
18 88
21 111
55 143
14 87
6 29
162 1
11 4
4 162
145 168
32 52
14 2
9 154
150 183
111 7
138 93
5 195
19 70
18 87
79 166
114 101
5 18
39 59
27 38
111 2
5 64
112 14
50 105
58 32
70 90
22 83
155 168
138 20
70 115
177 3
120 80
191 2
156 5
31 48
36 52
145 8
24 20
73 191
184 42
102 7
112 64
153 21
177 80
191 3
85 32
1 16
158 105
124 11
63 123
48 5
110 21
162 55
67 3
132 23
144 19
101 50
185 80
99 45
2 109
3 178
32 74
176 6
132 156
158 17
30 3
158 57
2 64
103 17
73 7
1 44
56 52
7 20
166 128
47 58
1 156
12 17
173 166
155 21
156 3
21 4
67 55
14 172
6 10
13 9
