923 189 816 6 414 375 807 16 122
41 621 64 426 7 383
200 297 119 39 252 3 810 782 317 263 10 958 35 406 863 52 750 167 570
275 28 65 45 658 2 445 301 440
838 8 30 203 150 94 647 734
228 146 111 8 533 114 97 13 104 681 49 11 805
183 11 10 39 62 107 166 968 522 912 49 218 69
686 822 755 6 133 64 128 4 539 793
89 122 2 8 140 125 704 413 767 180 11 192
249 204 390 15 92 77 9 213 335 790 144 5 82 116
787 160 99 145 375 5 937 200 822 722 155 530 176 81
60 3 341 6 275 34 8 84
780 27 803 292 817 3 39 282 8 49 1000 18 673 92
101 143 279 163 246 8 875 109 62
251 189 471 337 172 108 288 585 500 616 19 57 4
75 752 147 951 63 972 838 306 19 178 618 149 37 201 811 783 839 8 119
898 542 132 344 42 32
481 21 888 350 709 758 44 619 338
175 814 969 835 287 366 12 759 46 222 69
174 617 242 83 226 149 70 584
21 256 384 240 171 95 56 804
119 145 644 244 35 6 649 501 525
3 124 840 747 101 48 75
20 225 602 113 13 38 587 258
813 258 16 495 553 565 60
711 315 454 81 220 284 479 64 12 668 62 343
108 20 468 716 156 48 311 318 142 95 372 573 34 739
684 33 521 40 232 31 5 629 316 119 303 172 37 476
239 79 214 83 312 319 12 112 7
57 307 438 54 202 301 848 234 1 788 33 38 28 35
41 5 31 267 928 250 629 383 182 126 201 66 290
71 301 441 72 1 31 924 13 464 23 351 8 48
258 249 319 1 419 966 43 788 129 747 348 710 554 246 695 93
786 558 42 963 710 112 526 990 2 123 129
19 183 928 1 58 783 206
223 140 172 78 12 54 33 147 210 622 315
78 11 700 117 2
580 3 38 44 77 321 92 617
708 113 26 35 625 50 116 62 25 398
533 199 172 21 2 28 85 369 538
524 214 258 462 240 389 294 714 717 35
41 154 21 29 855 18 788
897 505 75 692 50 26 3 53 110 33
76 231 376 328 110 15 45 613
40 800 297 9 6 585 250
276 994 210 221 396 12 8 887
297 357 143 383 4 99 457 66 923 148
168 231 245 461 55 505 411 807
447 6 260 62 992 116
56 238 156 406 45 236 458
734 843 47 940 219 303 74 22
55 134 428 408 41 473 630 122
119 802 80 254 12 640 155
15 83 817 50 652 1 262
504 70 550 61 167 33 972 88 726 692 250 248 581 47
184 254 709 32 54 931 226 134 43 366 344
29 275 618 57 902 947 728 823 14 9 693 765 20 16 23
90 11 56 2 640 970 289 696 157 50
740 92 458 550 19
156 201 284 828 752 178 758 686 209
29 43 9 134 533 11 2 872 212 151 365 690 398 158
890 254 5 973 10 244 295
903 521 887 4 702 632 243 88 166 946 341 222 722 676 7 32
639 152 50 555 692 350 62 2 43 18 23 532 934 5 660 143 681 176 46 426 27 25 242 55 369 139
26 89 30 877 59 3 209 2 500 37 110 232 184 550 239 985 735 384 680 77 286 671
77 16 44 15 658 793 101 20 176 34 551 28 917 688 152 110 27 665 316 150 221 8 718 10 295 76 347
337 6 218 8 178 418 255 839 450 140 988 908 16 808 148 793 175
302 41 135 125 14 16 8 553 9 199 461 137 17 925 682 260 40 1 61 753 841 133 872
714 300 420 325 660 1 3 147 886 9 295 25 536 135 229 94 96 561 160 921 121 508 77 812 432
223 11 18 326 263 985 368 6 41 266 822 863 615 795 775 816
601 132 331 243 218 23 312 29 713 27 895 165 321 6 220 341 166 961 682 103 30 631 466 372 39
706 6 17 194 203 56 37 188 575 3 312 407 23 678 464 335 266 1 21 4 19 14 645
146 137 325 321 211 372 27 428 398 990 946 31 784 184 310 804 66 421 389 176 65 274 16
329 660 43 35 9 1 106 710 180 523 29 116 354 51 842 7 42 199
170 40 79 6 408 364 534 56 150 990 122 9 234 898 349 351 604 442 12
326 229 2 37 22 337 1 871 124 197 24 18 731 236 157 915 269 382 6 190
4 320 841 16 121 709 149 758 695 292 39 5 12 728 196 78 953 268 511 1 741 821 55 54 310
171 111 361 999 133 341 411 626 184 503 180 42 538 130 239 645 21 921 299 95 6 43 112
380 232 243 333 52 225 277 949 471 937 354 5 570 35 285 229 477 189
852 464 502 198 961 1 488 50 785 57 580 62 877 7 316 448 3 239 807 951 608 669 65
193 138 141 917 218 123 274 454 251 888 536 272 556 548 95
438 75 345 697 606 866 33 431 889 982 164 42 35 30 40 952 696 575
401 16 3 536 666 522 84 29 20 1 354 900 405 22
144 465 321 258 697 629 190 750 1 3 160 702 2 865 528 213 29 59 818 455 597
66 753 87 138 867 546 16 136 235 284 45 71 159 43 503
315 228 2 189 8 7 233 106 212 750 58 889 214 898 99 285 291
856 756 578 2 993 98 622 489 124 23 530 584 901 22 6 94 436 162 58 34 24 450
17 62 498 79 386 58 112 21 537 169 786 40 57 839 309
338 67 84 727 246 152 38 824 335 970 41 792 140 894 519 864 203 162 1 135 149
781 483 8 268 67 830 383 118 812 27 183 124
14 390 690 189 39 169 3 56 764 49 355 710 377 467 157 996 237 40
135 10 408 266 441 284 324 342 662 182 3 581 187 69 773 268 72 19 195 32 983 97 380
3 58 13 53 33 734 8 940 976 522 513 77 357
174 120 988 35 146 286 165 558 312 19 595 155 39 677 125
89 379 9 138 76 748 13 807 685 226 75 125
899 403 926 47 682 53 12 533 321 386 135 797 429 38
985 500 3 327 118 109 960 319 888 249 678 147
754 844 228 861 94 255 6 701 151 975 994
12 198 922 299 7 16 65 193 516 48 235
692 165 716 124 9 743 162 50 262 524
32 85 293 25 499 3 906 18 122 7 450 4 45 738 68 735 6 785 710 933 813
430 10 212 470 42 834 310 181 630 809 11 3 762 201 544 342 263 811
513 39 5 285 412 106 46 479 268 4 722 965 825 8 154 372 602 596
564 737 638 554 140 511 192 431 324 70 470
57 94 23 243 8 45 12 212 182 26 124 91 448 178 173 74 406 256
3 298 193 10 260 12 558 208 954 356 269 887 95 946 350 937 824 486 123 264 845 13
395 480 525 11 994 193 214 3 78 734
3 80 22 809 958 6 215 777 11 109 12 48 400 769 409
6 206 90 24 226 266 252 143 409 984 999 638 699 13 153 100 80 160
693 3 56 490 893 188 41 13 37 382 20 285 5 573 336 47
7 577 44 29 302 63 17 297 310
627 676 79 165 988 27 305 928 421 91 440 82 187 281 548 81 843 844 295 108 148 33 884
23 188 5 908 108 86 201 9 945 954 770 874 662
319 14 137 277 112 600 617
109 768 748 480 146 837 617 28 162 305 55 545 422 97
493 63 78 24 35 86 797 703 80 916 559 165
804 435 687 786 119 552 18 174 349 105 616 319 129 68 81
547 74 902 51 152 38 81 919 5 806
15 184 992 68 44 97 569 39 46 842 155
112 22 575 27 129 35 463 3 56 446
729 422 8 278 55 124 253 224 2 757 52
32 26 265 87 982 69 596 80 549 182 563
489 19 60 188 236 694 571 653 292 24 38 211 264 626 351 420 195
2 716 712 217 215 60 22 210 84
633 33 28 58 198 119 16
165 392 970 894 261 679 335
160 474 206 676 27 505 277 2 651 3 58 107 85 124 178 223 141 60 336 220 5 218 656 484 163 773 719 51
22 980 521 954 356 18 5 92 953 385 119 617
899 6 166 79 232 46 825
133 13 853 22 811 10 747 351 92 309 828 55 297 29 149 116 255 14 757 164 638 281 965 203 99 200 444 411 315 842 913 413 53 168 158
166 444 148 910 119 768 66 183 673 659 99 319 863 788 282 59 63 41 577 215 470 280 16 222 19
824 280 79 781 658 168 478 978
902 849 109 164 650 641 4 17 20 86 458 498 3 2 308 224 153 652 24 6 839 288 267 35 253 62 134 294
26 408 766 91 78 42 171 259 416 266 92 40 173 52 676 719 206 43 288 328 74 352 242 57 113 421 565 60 46 283 396 743 700
252 254 338 983 245
172 65 94 5 314 61 664 48
770 601 136 299 139 21 802 328 991 49 59 869 138 220 71 671 146 116 309 442 564 381 270
473 303 45 269 76 297 33 280 8 1 2 9 40 56 22 938 346 678 10 762 299 94 32 161 812
62 8 238 962 780 527
145 24 10 117 1 57 122 86 33 323
87 81 813 340 44 265 85 290 8 260 60 814 207 10 110 596 167 282 26 591 952 16 970 995 497
472 423 15 340 96 128 547 21 242 10 46 13 177 4 90 252 224 292 1 312 134 6 620 52 88 29 36 737 375 49 151 111 380 106 814 972 977 319 552 944 922 907 264 553 348 451 218 226 238 14 902 204 103 941 34 560 100 40 531 409 136 960 467 862 696 92
80 741 37 1 171 372 247 205 102 133 680 620 21 175 588 641 9 13 614 104 669 74 865 705 702 6 31 3 38 51 95 232 86 65 135 145 905 4 294 141 84 72 845 965 160 843 10 375
118 73 779 487 56 819 279 575 910
236 274 59 44 201 47 443 517
311 234 393 41 27 176 585 108 153 73 126 51 163 956 156 971 366 49 3 139 275 36 42 207 988 30 58 503 513 66 133 15 667 219 273 34 56 544
965 789 118 84 296 90 722 42 513 504 461 374 153 626 946 959 140 40 154 328 775 793 350 342 192 449 239 659 62 50 238 48 814 15 821
407 307 22 305 291 689 236 98 1
834 9 899 880 18 916 359 869 302
865 889 987 236 727 117 36 510 223 225 86 802 335 110 273 872 57 89 642 26 443 14 41 151 394 447 342 23 5 136
94 479 292 807 217 972 758
26 270 484 557 457 784 654 29 936 3 678 708 455 118 145 989 11 18 243 4
410 623 169 999 532 78 88
2 254 123 754 484 16 813 622 95 117 15 133 147 435 56 5 25 597 122 206 12 9 833 634 4 153 274 325 45 94 348 627 785 986 879
121 97 78 303 830 35 426 386 852
709 134 366 297 36 113 119 207 155 663 759 140 32 114 806 370 271 145 938 641 343 473 10 898 666 99 2 89 8
45 295 652 511 212 144
70 739 521 3 40 884 43 25 316 487 35 544 525 58 8 348 1000 6 201 986 129 256 138 346 32 4 149 92 297 156 148 1 664 64 154 789 846 2 317 14 963 79 13 121 19 196 164 49 294 150 730 917 283 27 381 361 61 15 26 228 51 898 748 853 17 60 581 921 22 417 77 10 328 629 142 270 971 959 18 295 951 340 80 307 359 904 802 41 637 209 217 668 95 591 721 758 765 7 137 223 334 408 463 851 114 918 280 302 176 90 389 83 232 443 835 131 211 559 117 908 99 151 36 59 93 311 52 169
678 3 129 250 112 922
418 5 828 97 67 306 834 330 609 177 270 31 582 312 136 234 235 58 15 36 311 749 317 565 821 657 476 968 984 944 890 108 62 4 77 208 214 722 715 323 52 474 422 748 324 465 673 13 8 569 183 111 275 70 632 184 232 220 167 978 71 73 146 344 774 554 10 461 271 971 37 46 339 192 804 758 50
650 591 788 72 681 61 478 257 35 166
145 51 154 81 185 14 109 167 6 74 52 34 37 303 878 379 314 429 982 616 53 60 216 327 50 49 104 759 54 20 95 80 229 990 528 282 405 119 195 745 83 10 406 540 67 45 127 24 11 9 557 544 138 610 118 64 504 308 675 601 851 290 4 256 120 403 623 584 646 129 537 415 235 39 1 156 441 202 211 804 2 645 121 263 968 233 13 146 394 998 366 302 668 803 133 816 193 301 142
2 40 149 880 723 89 287 430 666
937 390 48 77 275 110 808 1 830 811 15 274 615 46 146 65 528 57 170 14 3 827 45 106 871 123 280 33 960 336 372 501 250 515 248 131 708 63 245 113 7 682 255 209 215 739 78 517 330 79 11 86 425 305 262 229 878 73 444 794 270 8
152 26 3 50 18 443
778 125 56 316 45 139 297 127 48 341 988 908 116 236 175 83 41 18 869 153 844 54 247 937 757 578 142 61 251 750 8 202 980 265 548 482 3 43 5 132 29 327 715 927 16 181 854 408 519 82 366 307 970 60 182 210 122 538 289 95 656 769 86 695 58 171 124 101 99 24 148 694 63 113 867 263 320 1 274 960
728 253 952 121 269
191 265 319 599 16 666 274 21 53 5 135 4 1 423 31 397 76 75 201 103 305 485 710 131 10 663 383 33 35 12 279 218 18 41 987 891 29 438 83 665 956 612 118 228 63 374 520 104 42
50 61 5 733 441
86 267 4 154 102 156 614 311 69 148 88 481 844 263 328 34 49 346 945 74 136 663 396 12 801 551 218 938 16 68 72 237 511 114 791 939 682 940 5 653 539 52 724 576 274 87 89 408 111 63 788 131 14 238 809 810 109 757 851 220 140 21 839 219 239 197 118 9 58 341 100 145 138 320 700 166 497 2 301 406
53 103 39 2 678
297 185 62 93 870 137 19
4 12 741 261 287 136 105 152 107 3 90 461
979 286 205 608 37 60 970 137 456
123 439 86 201 119 202
