18	21
7	22
20	22
2	23
9	24
11	25
11	26
20	24
15	27
10	28
19	29
6	27
2	30
27	28
12	21
21	31
8	28
25	26
24	32
1	26
10	33
5	28
22	24
6	34
18	31
2	35
9	32
23	35
29	36
35	37
34	36
20	25
17	38
19	36
18	39
34	39
30	38
1	29
13	40
30	35
17	30
28	41
10	41
2	37
2	26
31	39
6	42
32	37
16	29
21	32
33	43
20	32
10	43
22	27
35	44
41	43
15	28
42	45
42	43
33	40
12	32
38	42
32	46
17	43
6	45
17	26
9	47
29	40
32	47
33	41
1	22
27	48
3	43
17	41
28	43
6	43
12	49
1	20
26	27
24	40
5	8
7	50
11	51
2	25
23	25
34	42
12	18
34	45
51	52
23	37
26	51
22	26
47	53
22	50
26	52
6	53
16	21
28	33
49	54
1	24
1	9
22	54
30	44
40	51
51	55
46	47
46	53
1	50
2	44
2	51
19	56
21	42
32	53
11	52
27	47
21	39
10	57
2	40
9	46
8	43
38	58
47	48
17	58
24	46
27	59
12	54
1	60
14	45
23	30
24	47
29	56
29	61
36	61
25	51
41	57
17	62
23	44
14	26
19	63
37	44
29	63
29	43
3	53
15	64
52	55
9	53
24	65
15	48
25	52
56	63
36	45
6	66
34	66
30	37
42	58
21	67
10	29
30	41
56	61
3	68
39	67
33	57
43	57
24	53
36	48
30	51
1	69
8	70
30	67
27	64
3	71
45	66
46	72
40	64
11	66
58	62
17	22
61	62
16	61
34	73
21	53
52	61
47	72
12	48
59	63
70	74
12	31
30	59
6	73
10	31
39	75
53	65
48	64
6	76
47	65
25	44
38	62
48	77
1	68
46	65
25	40
15	59
34	53
7	78
59	64
1	79
42	76
1	19
21	75
61	63
62	80
50	78
37	70
51	81
24	51
7	40
69	79
32	41
3	82
53	72
40	80
8	74
64	77
61	83
20	74
67	75
42	66
2	84
15	63
30	84
2	67
82	85
21	76
60	79
43	71
40	63
26	86
28	57
56	83
22	78
29	51
6	87
58	80
68	71
30	81
70	86
64	88
35	84
3	85
59	88
73	76
9	65
22	89
66	76
40	70
67	90
38	80
25	91
50	89
66	73
55	81
44	84
64	92
25	55
17	80
34	76
42	73
21	81
17	93
13	51
12	41
26	54
32	94
11	55
60	69
27	42
19	61
12	16
26	70
14	95
42	87
29	35
39	82
34	87
94	96
12	46
31	67
21	62
38	67
27	88
69	97
36	56
58	93
9	19
36	40
36	39
21	70
49	98
80	93
59	81
42	97
52	86
15	99
3	46
50	70
25	36
15	88
51	100
68	82
45	87
21	90
51	101
31	62
23	84
25	70
92	102
71	82
17	27
12	65
16	31
97	103
43	74
26	55
18	49
9	72
16	65
25	104
4	85
18	75
20	54
30	62
7	89
29	105
48	88
31	75
1	10
79	99
68	78
8	106
38	93
55	101
30	107
68	85
16	40
26	78
71	85
40	82
79	108
48	59
74	106
12	27
62	93
79	97
26	109
5	98
1	97
43	51
24	100
44	107
93	110
38	59
78	89
9	94
1	108
54	111
22	44
31	90
66	87
26	108
54	98
83	112
54	69
15	77
68	113
85	113
10	69
70	72
56	112
21	114
69	108
12	22
27	92
70	97
12	115
47	94
44	89
27	115
36	63
1	103
81	101
97	116
23	60
84	107
9	96
40	84
21	58
113	117
38	110
85	117
11	101
93	98
30	87
82	118
64	99
99	108
5	33
64	102
41	81
115	119
14	55
15	108
24	108
40	120
31	114
11	13
9	10
54	115
17	121
70	106
51	70
48	102
40	56
12	122
42	116
97	108
15	97
65	123
77	88
41	94
3	113
54	122
14	124
52	63
24	30
21	30
45	55
81	100
62	125
40	43
56	105
19	94
100	101
68	117
32	70
97	126
52	81
12	98
13	52
98	122
85	118
62	127
26	104
12	119
19	83
20	47
3	42
65	72
124	128
72	94
15	102
35	111
86	129
58	110
40	53
18	90
104	109
39	90
41	130
15	61
74	119
1	126
79	116
40	50
9	21
113	131
71	113
36	59
25	101
52	117
52	101
104	132
24	72
32	96
40	97
53	96
45	73
110	133
101	104
49	122
54	85
16	22
25	134
3	9
40	104
4	74
1	135
19	62
88	92
5	21
10	130
35	107
26	136
40	102
52	104
93	127
79	103
57	130
3	94
9	137
9	123
37	111
31	77
4	43
63	112
60	135
60	138
29	83
49	115
27	40
95	124
16	49
48	99
34	139
80	110
82	113
22	92
75	90
29	140
71	94
23	59
50	80
13	36
64	82
54	141
80	120
82	120
93	125
43	56
31	95
16	48
28	142
25	43
6	17
73	87
51	104
37	84
10	16
9	143
34	120
4	54
95	128
16	62
52	100
105	124
24	144
43	85
47	99
71	118
12	70
2	33
32	72
49	145
5	76
23	107
26	100
86	117
32	98
9	146
41	95
37	46
48	49
25	39
39	52
18	114
42	147
5	63
54	147
10	142
25	132
27	111
112	148
38	90
72	144
10	17
49	59
27	116
27	52
67	149
3	118
8	21
123	137
36	83
40	129
101	132
115	150
1	27
36	47
13	120
17	20
19	46
143	151
4	6
115	141
85	131
29	112
138	152
1	138
137	143
12	19
63	129
12	15
5	16
104	153
83	94
20	91
46	144
33	142
5	27
46	94
86	154
31	93
71	131
81	104
82	90
120	129
41	142
115	155
130	142
109	132
30	46
4	8
5	31
67	156
13	129
77	106
63	80
34	147
28	130
53	157
75	149
115	134
85	147
34	97
78	86
56	148
95	158
20	147
50	150
45	147
38	44
38	133
65	159
4	118
62	139
4	131
86	100
75	114
48	160
26	59
66	154
126	138
100	144
25	153
131	161
13	55
118	120
153	157
129	154
29	47
67	108
124	162
4	106
54	119
10	79
91	153
94	123
24	163
52	116
76	147
37	107
25	161
78	96
14	87
70	164
90	114
9	144
111	122
85	161
139	165
17	136
128	158
44	54
93	133
39	61
106	164
79	166
14	105
47	88
44	161
2	29
53	129
56	97
163	167
17	110
115	122
53	94
12	164
26	153
120	159
114	168
2	100
16	105
85	125
90	149
152	169
16	19
18	149
46	157
14	162
16	170
86	104
88	99
85	148
43	171
34	165
78	167
17	133
41	110
10	97
148	172
2	91
10	60
94	98
62	110
15	92
67	173
1	116
36	82
19	112
86	109
64	71
122	145
20	174
111	119
111	115
8	86
156	170
167	175
89	137
65	137
47	146
18	81
16	80
72	124
156	176
110	125
83	148
76	87
16	20
2	107
133	158
86	177
108	116
41	49
17	142
105	140
91	134
3	37
125	178
45	63
93	121
79	170
47	51
2	54
69	116
99	179
143	146
25	89
54	131
7	150
39	131
83	180
73	147
117	161
2	13
132	161
33	67
68	124
164	181
61	105
113	118
11	70
61	148
90	156
49	81
44	182
61	92
41	42
118	161
25	136
114	149
27	121
161	183
75	174
160	176
6	38
132	134
1	51
51	129
172	184
15	19
56	172
36	87
39	165
54	145
84	111
155	185
34	59
90	176
17	127
93	178
133	178
51	132
133	186
27	53
45	76
29	148
140	148
12	150
92	187
108	155
40	168
16	77
80	121
39	156
113	161
102	188
21	74
73	78
92	116
59	165
56	70
37	97
139	189
133	135
22	150
52	136
11	14
73	190
41	127
2	12
65	94
45	176
46	123
104	191
25	81
30	74
27	187
117	131
30	182
45	190
122	192
34	189
43	130
91	136
121	181
5	18
41	66
84	193
124	170
54	71
118	131
20	43
95	138
84	182
120	194
63	148
18	176
75	156
97	106
124	158
22	195
94	124
69	106
6	78
44	67
53	146
17	71
25	196
120	137
50	73
102	160
176	180
53	62
10	171
31	197
22	141
105	148
27	77
129	132
111	175
21	198
45	139
44	93
52	153
126	135
79	159
125	127
70	199
19	50
155	178
149	164
71	148
41	158
39	197
19	200
86	191
16	24
34	190
11	104
189	201
14	100
29	84
4	86
4	5
43	142
22	52
11	202
3	70
74	199
74	77
14	140
31	105
27	34
178	203
105	112
34	88
25	129
156	184
67	84
199	204
144	146
64	131
32	65
133	203
138	205
41	70
40	144
135	138
55	91
39	198
113	183
156	206
30	77
96	167
81	86
140	172
10	148
62	192
15	207
4	20
117	118
60	166
42	190
45	189
94	208
23	193
53	190
90	168
41	154
42	139
176	206
39	209
34	201
67	95
75	173
46	146
114	173
12	137
70	210
98	178
12	69
73	150
77	99
49	102
109	211
44	121
117	183
135	152
110	178
11	73
100	129
123	212
39	88
103	116
82	168
18	206
123	159
30	54
145	213
40	199
102	176
113	185
21	156
89	95
14	158
161	214
98	194
87	147
102	180
119	141
164	174
133	215
197	198
58	125
195	204
67	111
25	100
140	184
199	216
27	29
43	94
55	170
11	59
183	187
125	162
110	217
66	184
60	97
167	184
197	209
126	152
45	210
142	218
183	214
186	215
2	98
29	31
25	86
195	208
156	219
151	183
42	201
121	127
21	176
3	117
4	76
187	220
152	205
103	158
117	214
4	78
21	95
108	221
134	153
37	81
34	48
174	194
120	154
128	162
220	222
169	205
3	161
29	130
118	137
10	77
40	223
48	92
46	159
9	208
22	46
4	33
111	192
140	224
93	217
107	193
15	98
89	195
82	124
19	225
32	157
123	144
38	178
68	118
101	134
67	226
115	185
83	200
83	105
91	101
61	140
143	227
135	205
120	168
182	193
22	174
16	38
31	38
147	228
1	221
109	134
88	98
16	114
200	229
8	164
5	22
87	189
67	198
101	202
63	83
43	230
63	105
10	218
10	48
164	194
127	217
54	231
125	133
135	169
47	160
70	215
92	220
20	164
70	232
123	146
3	183
69	160
81	129
57	230
54	118
47	233
136	224
189	190
19	148
143	144
106	151
7	174
104	234
57	66
110	123
20	41
10	135
68	161
120	223
133	235
8	191
49	119
101	136
1	17
78	195
100	104
60	236
44	193
85	110
204	216
97	215
70	204
154	237
71	133
5	80
37	193
48	220
28	171
20	42
146	238
34	67
185	212
17	203
6	71
14	59
29	30
90	239
18	67
231	233
183	223
98	218
66	147
121	125
97	240
64	68
59	101
24	146
68	131
122	185
8	177
144	241
206	221
7	195
130	218
48	187
32	190
187	222
191	242
105	200
81	154
17	178
195	239
94	233
42	171
235	243
62	133
37	49
107	182
106	162
96	163
170	244
44	131
76	201
180	200
22	116
95	134
163	175
42	245
186	227
215	235
16	57
6	30
48	246
109	234
28	230
141	231
103	126
66	236
17	150
1	247
103	166
16	244
57	142
73	139
119	185
187	248
5	116
51	204
120	237
64	187
220	246
36	160
201	249
210	236
114	176
16	200
124	156
165	201
17	215
227	250
119	150
165	189
23	182
112	172
122	251
53	90
146	227
24	94
69	236
135	235
45	165
104	252
156	226
98	120
119	122
122	150
82	117
162	221
246	253
189	210
56	140
20	70
28	49
222	248
16	25
211	254
1	91
34	212
120	235
15	179
17	60
63	76
5	255
142	154
41	182
141	155
21	219
20	106
121	203
209	256
179	207
56	225
135	166
9	238
180	229
38	121
230	257
6	215
39	120
109	153
13	204
198	219
67	99
164	258
197	256
24	29
120	122
99	187
22	238
111	259
98	124
138	169
118	141
27	102
142	158
106	124
213	260
13	223
24	35
61	198
62	92
32	147
171	230
177	261
33	218
14	128
36	148
145	192
164	204
96	208
251	262
3	131
5	6
169	214
194	222
29	225
181	204
59	263
15	67
22	229
106	204
16	58
165	249
27	220
203	264
32	163
4	116
80	209
16	163
139	190
76	265
5	15
12	210
83	140
194	220
136	150
119	259
244	266
21	168
50	164
137	141
48	263
71	267
174	253
71	266
111	150
35	193
70	112
56	120
251	268
44	141
32	232
22	42
48	106
14	51
18	32
86	269
55	161
27	99
61	90
158	203
9	16
165	212
135	270
8	48
26	92
94	143
135	204
100	105
117	271
57	182
20	153
232	271
20	101
178	196
48	253
109	272
106	170
82	131
17	79
128	203
158	166
186	273
96	143
30	65
74	164
181	255
96	144
116	135
28	274
13	153
178	215
37	182
207	273
90	198
89	134
139	275
78	191
81	198
4	81
170	211
97	135
57	94
241	276
95	137
6	15
149	226
55	100
105	106
187	277
89	230
68	183
211	272
198	209
181	216
51	278
186	193
9	36
103	138
16	238
74	216
3	238
162	279
96	175
194	223
133	273
208	233
85	213
109	280
60	272
140	200
69	231
91	103
50	195
50	125
157	281
85	106
106	279
30	90
60	116
19	105
45	47
279	282
59	187
3	245
120	218
69	92
155	231
114	206
107	283
19	140
110	121
87	190
2	50
37	47
10	230
209	284
92	99
65	144
88	124
161	188
61	176
111	285
157	232
122	262
78	94
37	190
109	136
199	286
98	115
60	108
155	233
143	238
44	282
161	265
197	287
42	133
5	195
66	165
201	245
110	127
17	230
162	288
119	251
35	77
80	85
36	106
3	201
196	289
51	140
69	247
28	218
222	277
175	208
9	159
216	290
31	206
38	51
106	211
98	162
139	147
74	291
114	198
130	171
102	220
8	269
121	178
69	135
280	292
87	228
19	172
235	263
95	162
192	293
77	193
75	176
126	169
42	275
89	193
111	141
291	294
127	178
158	162
151	226
9	227
138	236
13	118
90	295
4	34
32	175
46	63
23	253
113	148
115	271
220	296
86	242
20	118
53	238
48	105
91	109
119	231
143	297
39	56
193	283
164	232
38	273
178	298
60	265
199	210
39	124
231	259
130	188
138	299
134	162
12	29
65	163
5	111
4	153
230	274
25	300
30	159
204	217
135	148
232	258
151	227
37	301
79	138
73	228
128	279
57	171
220	253
17	302
75	198
82	274
107	301
12	30
13	194
229	303
21	216
48	69
200	303
68	299
35	72
146	297
16	304
128	282
8	142
234	262
28	257
58	121
181	258
90	305
64	188
4	213
80	129
102	161
283	301
20	144
21	306
70	177
148	184
70	225
57	218
39	307
115	145
20	112
113	288
23	301
58	200
135	216
34	308
6	139
61	192
193	309
185	251
48	222
23	166
77	93
128	288
99	207
282	310
45	100
97	205
38	149
71	161
111	155
172	200
306	311
126	166
64	179
152	263
47	77
85	279
247	312
126	205
236	256
169	277
148	160
205	244
69	170
226	313
218	274
200	225
72	88
28	207
111	296
209	236
299	314
116	275
194	232
32	85
191	269
35	192
189	315
71	244
183	185
295	305
157	188
239	305
38	278
101	316
264	313
6	131
181	199
73	89
279	288
63	225
283	317
14	27
149	239
113	162
4	80
76	111
73	189
177	318
44	301
12	229
91	247
11	153
108	126
235	273
292	319
45	245
28	293
40	177
76	308
82	199
101	300
160	320
76	139
157	238
109	177
75	307
218	230
31	321
90	111
13	44
63	140
35	182
71	117
96	146
294	322
65	124
16	35
18	86
93	235
147	201
47	144
133	323
38	85
80	133
24	297
66	100
84	129
32	213
48	324
82	161
210	216
43	216
61	112
109	318
192	213
30	325
280	287
155	174
5	108
156	295
104	129
3	326
59	136
185	268
176	305
244	287
158	288
14	279
195	327
256	284
37	41
32	144
96	98
170	282
144	328
53	199
315	327
156	197
244	304
1	236
68	108
69	329
107	325
186	323
53	232
7	327
162	282
235	330
5	221
225	229
19	103
8	26
108	163
240	331
144	276
266	304
58	85
174	287
74	88
5	61
209	332
168	176
164	239
257	274
192	260
154	236
161	185
221	333
55	86
61	200
131	214
169	270
55	78
111	334
241	328
15	198
98	274
82	326
3	25
237	335
83	84
161	267
20	171
61	244
43	223
65	157
61	336
77	230
108	167
114	209
105	172
170	304
114	307
211	337
125	181
66	110
245	275
200	231
39	206
290	338
117	267
41	186
63	308
192	259
37	332
58	127
33	339
114	156
258	303
156	304
91	211
280	319
174	340
174	338
235	285
14	42
2	325
41	245
61	224
276	341
63	200
95	279
192	312
26	50
126	300
22	327
274	342
159	212
6	48
53	167
30	301
76	165
93	330
11	343
67	176
67	313
41	138
52	206
5	59
37	161
258	344
84	108
30	225
150	192
66	201
65	146
60	99
184	345
28	116
279	315
152	270
106	329
23	283
97	346
115	268
142	166
194	291
50	62
12	94
131	183
12	347
265	308
36	161
180	305
158	279
155	298
220	223
141	348
8	199
59	99
132	177
131	326
58	178
137	146
79	349
125	134
95	169
174	220
241	341
25	63
152	294
143	350
132	211
11	278
4	15
62	121
58	203
216	351
18	156
66	111
159	163
134	280
33	155
36	192
46	352
190	332
297	350
11	50
77	92
134	230
240	346
276	353
40	200
5	153
150	185
101	116
23	165
5	30
347	354
255	302
25	154
59	109
8	14
137	194
83	107
3	355
115	124
175	233
154	335
32	120
222	284
247	350
58	356
90	206
173	176
242	269
82	214
1	349
102	263
54	357
241	304
124	159
11	100
159	352
13	104
170	266
66	358
57	257
307	329
4	223
142	288
61	337
149	173
16	359
354	359
224	302
59	77
20	83
8	218
62	356
110	360
22	338
61	180
85	355
151	250
71	108
142	171
168	361
29	200
172	345
106	174
25	34
86	108
104	134
250	362
89	156
10	106
48	229
232	238
130	230
342	363
71	183
155	200
215	302
128	310
13	87
304	359
312	364
187	324
4	29
96	227
167	227
325	331
140	162
193	365
59	111
243	330
50	273
2	52
298	366
34	330
254	272
19	184
106	244
272	337
92	367
95	288
238	281
119	161
5	92
157	167
25	109
211	368
81	132
15	255
104	115
196	226
70	168
29	172
329	369
41	171
24	150
86	335
59	139
18	157
73	315
70	370
35	56
127	215
105	229
82	355
30	193
25	289
109	371
18	76
350	358
228	293
61	268
57	71
249	372
134	288
68	267
40	313
133	360
108	138
82	373
15	165
216	286
173	241
151	350
87	165
71	326
219	374
98	110
283	340
129	237
141	185
14	263
6	133
42	375
94	146
134	319
146	151
106	216
6	67
43	218
298	376
16	116
147	154
1	53
257	342
83	172
236	329
126	377
352	356
59	259
214	271
82	267
53	330
116	378
184	225
173	180
205	346
185	192
177	335
14	170
204	379
7	129
224	336
80	203
17	29
185	213
255	372
78	380
194	266
8	64
123	157
202	300
105	180
295	304
103	381
40	194
71	355
40	182
108	166
70	273
50	192
37	382
30	42
46	208
145	231
28	81
89	327
222	263
332	383
4	89
15	219
67	321
193	325
123	281
275	375
377	384
340	376
20	273
113	168
190	232
163	212
7	132
327	385
174	181
5	36
248	277
40	355
22	380
35	283
214	386
209	383
6	136
325	365
70	301
102	305
232	387
69	349
39	239
12	28
50	135
12	359
121	133
172	388
113	114
147	190
157	194
231	348
18	168
85	183
156	389
4	112
21	69
7	168
124	206
64	263
87	201
161	390
121	323
21	311
62	323
172	224
56	383
5	306
74	391
85	266
288	358
328	341
244	365
195	380
154	158
237	392
144	352
87	358
129	200
115	240
131	139
184	393
2	193
67	278
14	282
7	194
92	327
2	394
78	327
326	355
184	229
163	221
29	184
21	270
98	395
17	83
22	385
368	369
22	382
85	373
22	317
298	396
40	77
118	123
65	167
99	248
162	333
267	326
278	397
244	359
32	373
247	364
16	303
329	349
106	315
81	398
103	205
81	134
220	263
180	303
83	191
5	136
221	399
34	358
205	377
34	78
72	233
78	308
91	132
96	400
80	356
147	165
98	119
181	344
209	307
176	198
371	401
88	102
7	229
195	318
9	233
64	80
194	293
42	402
76	295
54	133
285	310
380	385
271	386
45	308
19	403
46	238
15	223
6	106
78	92
92	263
20	96
26	404
133	266
1	110
74	91
194	259
153	191
318	371
368	405
4	330
219	295
49	185
21	128
75	306
102	187
25	406
69	205
157	163
14	310
108	135
32	208
5	163
378	407
34	300
24	78
54	334
241	385
258	387
51	153
117	408
5	244
133	326
169	377
158	323
224	345
13	29
172	409
281	376
178	185
245	375
103	377
9	328
42	149
190	410
1	333
106	282
121	264
91	300
122	268
16	406
342	411
168	215
103	112
21	152
113	251
50	126
103	152
20	412
56	313
199	232
100	234
215	273
166	301
116	316
122	413
15	160
23	225
70	174
11	397
50	204
72	168
170	414
42	338
2	283
8	59
268	413
42	385
4	69
59	415
119	192
48	188
132	300
100	134
143	233
118	171
272	416
38	186
42	366
157	184
4	334
108	236
327	380
191	417
70	149
32	106
59	145
71	273
139	171
35	303
270	418
4	412
341	353
284	385
190	402
73	375
109	401
252	419
57	386
267	311
156	193
279	323
92	315
348	397
19	420
227	265
238	328
345	388
165	190
195	385
286	382
33	421
254	337
70	391
66	190
115	331
341	385
18	122
298	422
259	293
61	172
16	182
37	373
3	375
61	207
341	423
83	225
337	368
135	418
5	17
5	87
228	424
163	238
136	211
255	341
38	60
189	375
221	425
14	82
110	203
123	188
89	380
47	208
55	134
386	426
54	88
151	214
272	318
191	218
14	71
171	274
303	427
244	250
14	288
84	221
97	333
247	329
215	428
84	283
204	380
139	150
18	361
105	409
207	248
351	429
241	353
218	242
116	270
55	104
283	365
26	91
314	430
98	146
40	359
110	230
181	264
135	236
211	405
270	431
266	359
24	106
279	310
6	158
23	382
6	432
110	190
201	265
234	251
1	270
181	303
234	252
345	433
39	47
376	396
125	203
238	341
80	127
149	313
427	434
345	409
99	160
60	84
294	382
119	213
304	365
344	435
69	369
40	210
145	413
29	59
159	175
140	153
52	436
121	235
42	410
162	310
328	353
227	419
4	349
354	437
95	152
16	255
73	176
153	196
265	272
49	101
409	438
223	256
152	299
87	249
91	319
206	239
10	24
288	439
231	334
75	193
101	196
188	263
94	328
325	440
112	184
168	206
113	267
24	26
210	273
87	139
27	441
83	230
7	154
288	350
268	337
167	233
35	65
338	442
147	424
207	222
259	418
119	260
18	443
46	241
21	149
21	359
180	184
43	54
114	306
75	444
112	419
50	177
95	310
56	64
216	379
212	300
59	445
53	111
4	147
86	101
2	66
415	445
317	380
250	446
76	105
255	371
58	385
123	352
88	220
229	380
236	447
113	238
25	278
148	200
72	123
164	199
99	102
45	448
62	217
388	433
366	376
44	426
27	248
29	449
36	62
138	377
93	215
291	322
190	236
301	450
102	179
312	329
69	246
264	323
236	418
211	266
324	451
6	410
14	94
53	144
39	72
151	247
112	180
70	452
52	397
155	192
196	316
175	309
113	262
16	266
248	453
250	430
110	165
210	229
206	304
45	158
150	454
55	153
125	264
181	371
50	327
74	334
289	406
86	455
58	152
18	198
194	418
106	136
67	298
255	262
400	456
364	414
304	366
168	174
25	404
75	226
183	386
354	457
207	453
137	229
5	14
162	174
64	164
62	160
190	458
337	405
5	302
93	273
153	280
4	256
240	333
190	459
25	75
67	168
44	394
54	395
2	19
103	247
3	460
271	408
16	414
51	449
72	215
179	219
180	456
293	461
72	167
12	324
123	153
318	337
166	221
117	355
270	462
59	248
115	192
93	428
318	405
71	287
57	342
455	463
108	276
76	311
25	389
165	315
190	301
149	195
271	464
53	163
48	207
14	366
17	264
14	133
3	12
10	465
21	24
93	186
64	248
224	409
281	352
23	220
240	466
132	368
57	411
92	353
58	147
86	153
340	368
122	467
115	230
97	138
77	263
170	359
138	240
30	347
450	468
113	176
127	323
20	34
262	467
37	69
61	250
331	469
84	102
8	57
50	386
306	307
298	340
218	470
216	217
22	159
4	24
28	179
139	424
196	284
319	471
59	255
116	407
248	324
5	101
359	387
362	446
272	472
225	243
173	460
437	457
266	442
174	249
126	418
124	473
11	86
13	193
29	303
7	380
38	235
18	46
428	474
127	273
56	184
376	422
290	351
267	355
155	213
232	475
58	133
87	245
82	386
55	109
74	322
132	237
228	476
93	321
174	412
31	156
299	303
166	288
347	457
294	477
150	155
73	476
14	34
20	142
88	146
315	478
38	243
78	385
231	260
108	247
148	420
7	237
103	479
120	131
171	218
266	303
20	225
63	224
136	153
80	480
183	271
23	365
333	466
186	265
81	213
202	449
159	481
162	473
5	341
160	205
236	270
340	412
284	332
341	482
290	442
106	369
130	274
56	99
124	192
96	352
84	483
112	420
234	371
210	380
255	346
16	72
276	482
396	484
106	414
240	469
159	167
299	377
353	423
114	311
448	485
152	160
89	118
169	299
192	461
32	167
90	336
454	486
466	469
128	473
242	335
4	196
146	250
431	462
278	487
146	183
2	46
336	409
60	318
173	305
310	473
34	488
109	300
262	413
29	321
416	472
265	398
88	222
438	489
15	324
28	339
16	154
198	444
331	466
230	470
412	490
100	170
182	446
199	223
230	411
177	405
64	149
482	491
48	215
124	288
19	78
210	286
22	133
258	451
204	492
9	97
4	164
47	324
116	274
174	288
246	493
60	103
174	490
97	410
60	270
54	292
178	273
159	494
55	406
207	263
37	157
91	138
232	459
20	278
115	495
65	193
331	365
33	465
15	451
359	414
13	45
405	496
31	168
105	285
115	411
49	155
42	290
22	274
264	497
51	86
139	201
199	492
120	267
107	394
194	281
61	498
289	404
237	368
12	262
33	171
40	471
303	434
219	499
137	233
253	493
96	238
159	300
31	127
168	490
383	500
98	111
302	345
437	490
260	334
100	252
155	501
269	273
94	167
10	13
249	268
27	275
57	392
436	502
236	284
61	303
351	400
73	165
288	310
437	503
306	341
56	230
154	209
310	368
181	203
39	504
89	274
84	317
313	497
86	463
5	380
29	441
465	505
9	281
151	446
4	150
5	46
279	320
205	479
203	506
72	170
121	506
37	283
207	223
257	293
10	274
436	507
42	432
174	462
121	416
76	100
40	238
96	123
361	508
437	472
88	215
214	390
150	334
346	466
143	229
147	509
5	44
182	283
421	490
63	448
131	267
173	313
167	510
70	120
71	115
37	309
4	509
8	163
424	511
15	333
238	255
124	279
205	270
51	441
82	408
89	512
119	155
144	208
96	157
337	371
95	241
71	276
96	513
227	297
214	277
5	47
266	360
206	209
117	390
171	514
172	176
101	153
318	368
368	496
198	306
350	457
14	515
176	311
143	167
267	390
116	138
82	417
257	457
88	516
187	263
199	255
10	39
332	500
317	483
391	440
24	517
189	286
116	380
239	295
351	496
55	343
72	407
134	518
299	434
168	218
269	459
370	393
346	469
255	360
51	519
106	221
207	253
307	311
111	173
113	274
431	520
204	279
164	423
208	227
204	391
149	198
184	521
111	251
5	120
20	264
304	341
152	359
403	420
386	522
61	409
193	382
284	316
80	235
182	210
191	523
61	254
20	487
227	400
116	397
144	341
35	230
99	524
41	175
12	354
306	523
7	119
20	143
73	236
511	525
149	235
37	325
187	451
36	220
258	435
77	102
246	526
312	369
171	257
3	111
136	401
109	406
292	471
293	527
142	274
120	163
71	298
130	514
266	414
113	173
93	528
18	352
124	180
187	188
340	490
33	230
44	382
419	529
30	86
29	44
95	261
356	473
267	307
134	279
337	530
312	349
255	475
433	503
266	433
380	507
218	421
129	531
75	454
344	387
74	101
249	413
69	76
48	518
133	532
47	276
251	467
198	311
137	159
41	312
141	533
355	390
212	281
209	237
89	174
105	230
3	338
177	534
81	90
102	121
4	356
508	535
244	261
94	281
112	336
65	96
38	125
422	492
109	536
99	263
172	198
247	381
43	298
199	362
111	145
513	537
6	147
212	249
255	264
136	154
186	528
142	339
40	538
253	287
72	176
262	324
151	216
13	109
493	526
454	539
152	387
232	281
13	365
206	305
376	484
66	521
153	540
84	179
195	341
57	131
118	512
40	409
262	541
400	513
239	252
340	519
64	510
30	147
200	244
147	542
45	485
346	371
31	176
41	514
169	390
69	364
349	543
79	270
20	55
274	382
192	364
189	410
355	544
443	495
95	109
32	227
78	85
155	181
64	289
153	545
240	299
102	320
261	405
61	345
44	395
205	299
239	546
12	111
128	170
87	410
300	318
7	105
127	302
324	547
158	468
323	528
60	210
227	456
120	512
194	538
384	548
263	393
46	281
123	194
9	465
421	465
92	188
420	549
5	378
102	174
193	534
175	352
186	529
123	293
505	550
44	82
50	460
52	109
265	270
377	418
223	255
539	551
91	350
5	112
410	506
154	184
298	484
243	552
216	338
52	134
252	486
62	275
297	358
45	365
492	553
197	223
5	507
130	470
10	307
12	192
418	437
547	554
273	360
302	533
61	184
211	318
58	66
178	233
91	555
182	456
43	524
15	115
91	104
400	537
302	556
189	459
138	349
36	146
1	410
327	341
343	431
426	557
351	541
78	512
242	417
28	120
254	472
76	110
246	558
4	38
252	371
297	517
4	432
315	551
217	356
198	559
54	192
334	395
21	430
123	238
74	204
284	380
519	560
64	453
4	65
526	558
481	494
304	331
440	497
353	561
154	383
193	483
74	104
393	521
46	116
4	70
298	562
215	556
140	541
101	204
85	558
270	430
5	66
534	563
13	158
330	358
106	286
11	116
181	475
403	564
56	200
322	391
253	280
299	333
208	281
324	554
473	565
4	329
19	133
156	173
81	269
312	368
157	161
206	566
24	25
412	521
50	380
38	61
204	232
197	332
151	567
180	409
323	532
123	230
118	195
6	380
22	562
430	568
14	15
54	385
95	387
41	430
89	110
14	341
100	569
232	279
335	534
245	312
2	24
99	220
545	570
461	527
240	349
46	111
145	268
77	199
546	571
148	198
174	564
465	550
204	423
310	565
168	508
3	572
4	92
345	521
228	315
88	95
4	297
104	194
158	573
397	499
220	266
245	385
95	140
284	500
37	296
134	574
154	380
117	572
327	512
178	396
111	268
412	575
111	310
18	78
26	517
286	351
67	426
7	385
127	576
37	514
230	360
180	224
168	214
142	215
135	275
9	577
304	567
179	257
188	222
337	401
267	481
63	124
536	578
171	440
199	452
12	141
224	303
48	124
179	457
244	579
61	420
359	508
177	242
37	460
370	452
380	580
93	216
486	539
161	386
452	492
211	319
119	268
552	581
371	530
255	411
132	531
288	297
47	482
12	185
107	582
133	330
344	475
325	483
74	278
276	561
220	558
416	583
252	569
93	474
103	236
414	445
4	111
7	340
262	584
174	270
61	449
5	95
15	138
81	153
381	585
396	422
88	207
365	499
186	483
101	275
304	414
30	586
4	141
334	391
250	314
324	467
127	186
299	466
120	587
347	538
490	559
288	462
408	464
122	157
460	588
42	358
251	455
129	147
55	87
348	533
4	517
29	589
37	317
35	382
62	124
361	535
423	561
295	366
232	590
298	304
261	368
324	584
73	201
75	363
228	511
423	591
411	470
2	211
30	95
126	275
72	510
48	248
448	592
95	148
186	203
131	271
226	389
327	580
6	325
63	593
4	98
179	253
6	46
129	180
18	313
4	102
424	594
173	497
218	508
158	194
275	424
117	373
150	595
194	587
300	337
216	344
29	427
15	34
279	468
236	596
56	498
141	509
161	572
4	370
347	437
282	597
247	585
112	225
266	579
115	461
389	595
467	584
490	598
171	465
66	210
43	470
111	165
213	355
96	599
13	148
18	219
44	582
101	278
47	120
402	600
323	360
109	578
145	185
203	342
274	470
342	478
75	601
6	62
16	465
120	378
86	316
225	521
130	465
551	602
385	580
240	429
338	351
28	421
365	382
49	114
399	603
277	396
501	586
121	174
29	330
51	560
259	538
114	604
517	557
319	518
187	415
342	470
209	368
374	538
271	605
174	602
248	547
165	174
280	371
38	366
239	606
331	346
401	594
89	192
112	140
55	129
3	354
22	607
62	261
424	525
160	179
33	490
561	591
174	475
451	608
4	465
236	315
141	582
40	126
54	471
233	609
244	501
219	239
359	535
109	204
190	600
209	500
457	610
147	395
334	432
162	573
253	255
3	227
161	355
512	611
201	410
41	347
482	561
67	209
250	350
14	20
63	612
471	518
108	205
253	453
206	218
28	76
538	561
179	613
174	598
146	241
270	274
255	440
23	317
41	44
7	614
260	395
202	397
406	414
456	513
386	390
120	238
230	615
314	448
35	74
189	488
302	360
387	590
362	616
279	483
241	365
259	260
43	255
89	617
151	414
102	193
415	451
27	515
27	188
429	618
4	255
212	481
66	259
105	153
341	366
216	232
606	619
446	456
176	307
62	186
159	281
389	526
302	323
328	620
32	281
218	566
375	424
27	172
12	275
574	621
15	50
326	544
228	446
376	562
266	296
74	622
358	366
12	146
15	187
474	530
30	365
120	576
417	623
39	176
427	589
30	431
20	148
42	308
130	257
220	624
71	408
85	211
16	220
120	494
429	533
462	625
538	587
29	70
217	576
11	91
120	285
450	521
604	626
252	529
529	569
213	329
216	492
224	420
501	538
8	627
57	440
114	626
255	294
263	296
292	385
477	628
482	538
217	321
350	446
49	150
112	306
5	12
313	629
28	465
131	301
31	313
275	312
276	365
170	568
246	630
24	519
214	222
359	579
107	483
286	452
153	570
422	631
1	89
408	572
47	609
195	617
266	587
62	498
602	632
102	277
46	397
98	150
242	405
148	266
122	155
444	633
71	214
89	90
140	491
25	27
493	583
50	614
458	634
191	623
128	565
27	50
28	333
239	619
142	490
485	635
274	363
339	465
178	376
233	350
133	243
104	371
192	636
92	159
163	373
47	320
214	605
52	378
121	186
125	637
346	361
144	510
274	465
558	630
226	321
274	510
204	638
35	461
148	194
137	267
163	341
348	582
202	316
399	639
164	216
225	303
371	466
112	345
255	273
119	636
575	640
24	195
339	550
33	543
149	341
352	513
148	336
215	641
247	275
177	211
456	537
195	580
173	307
256	468
144	642
97	147
19	192
20	146
291	477
102	451
368	643
87	221
297	456
124	411
412	432
255	506
291	622
32	644
52	371
25	275
258	434
199	553
185	413
222	246
412	645
412	595
179	187
364	369
16	88
546	619
397	646
20	186
113	326
256	383
149	289
120	145
34	600
474	647
42	351
215	264
18	601
137	281
48	94
208	250
258	648
84	333
138	275
81	147
350	362
465	470
170	648
554	649
96	159
138	329
162	185
118	176
58	380
164	564
91	650
62	620
161	534
161	259
79	152
88	324
428	647
227	651
34	275
15	220
26	274
10	364
523	623
219	505
45	652
44	365
61	255
259	334
87	100
306	623
120	351
405	653
230	419
116	377
259	268
31	306
103	270
4	64
440	654
195	435
478	530
280	574
336	420
241	642
89	363
511	655
1	381
61	549
75	95
313	383
169	387
520	617
55	656
593	612
546	606
113	363
8	133
40	292
122	347
87	657
255	618
394	438
41	225
353	482
206	307
170	445
51	658
125	215
81	339
55	650
339	505
250	297
78	659
51	569
71	572
164	338
315	369
293	636
435	475
341	660
287	490
129	538
139	232
195	512
149	206
214	417
128	661
355	386
391	452
5	414
382	472
150	190
172	180
498	662
344	648
168	274
112	409
117	326
216	442
493	663
234	578
33	215
389	547
51	570
108	178
2	309
395	664
458	459
163	517
43	465
461	636
188	665
248	263
627	659
46	448
86	196
33	130
377	548
212	666
106	246
175	341
569	658
12	25
74	131
113	214
173	667
486	551
5	167
43	297
551	591
160	346
2	81
554	668
432	595
33	83
388	575
124	255
153	370
253	262
662	669
68	355
308	402
41	465
175	481
104	136
145	150
472	670
33	507
575	645
85	168
591	630
125	186
448	635
387	671
418	462
56	224
299	469
113	573
303	425
63	303
98	672
252	401
413	541
125	273
310	643
68	381
67	347
176	673
300	371
125	574
162	467
214	267
124	366
353	591
501	674
265	390
99	654
117	603
339	470
297	362
321	675
165	459
433	521
108	121
58	480
203	480
70	638
642	676
70	309
426	522
313	548
143	175
55	174
48	677
32	276
452	553
8	128
133	217
42	476
105	224
512	678
490	645
147	458
19	38
48	179
77	129
16	579
523	679
286	492
26	72
199	618
14	597
388	563
488	600
297	680
40	585
1	430
161	184
4	284
592	635
571	606
11	681
273	376
158	485
239	566
39	53
393	433
11	132
526	682
335	563
280	337
168	638
2	14
310	515
260	505
195	683
76	600
195	229
192	620
113	350
31	629
212	684
150	293
391	492
533	556
118	355
160	257
34	516
35	685
183	555
555	650
121	462
245	284
204	255
66	600
396	686
111	483
100	110
317	460
109	255
78	580
49	158
543	687
223	287
177	401
566	619
140	198
339	580
218	411
466	688
269	623
309	317
147	634
422	484
327	614
366	562
594	689
482	591
409	420
190	201
87	459
192	262
28	219
305	690
331	349
87	275
405	643
355	373
124	386
343	656
608	691
160	223
36	112
174	351
58	264
96	510
96	536
225	692
175	276
518	574
222	256
350	456
80	585
149	156
510	693
640	645
388	503
11	204
397	681
534	573
37	365
300	694
184	390
321	426
99	277
14	275
496	643
41	230
397	695
148	549
300	531
300	494
358	446
33	81
361	592
363	696
112	303
380	614
106	160
174	343
36	108
68	662
48	697
111	308
180	345
477	622
20	597
39	566
407	698
496	653
435	648
198	499
395	634
226	383
5	124
541	699
222	418
59	296
199	622
36	105
1	23
539	700
261	534
57	328
483	582
12	155
98	192
123	249
578	701
64	423
250	616
309	382
119	454
340	379
65	195
381	702
649	668
260	664
296	624
114	219
90	307
78	129
95	703
158	603
174	700
209	313
42	448
255	432
279	704
218	465
532	535
258	475
46	517
563	599
223	452
121	705
197	295
503	575
6	124
423	482
47	74
338	475
57	706
175	350
168	585
519	570
244	476
198	313
324	707
52	113
64	117
4	306
130	649
195	614
97	466
658	708
220	451
538	654
580	617
204	618
426	582
148	709
143	281
69	122
340	575
140	225
403	549
84	272
185	710
227	517
146	400
125	327
218	514
315	459
43	711
256	332
5	660
2	483
88	624
292	518
528	712
143	157
286	429
100	681
57	274
81	89
89	607
531	713
534	598
380	683
91	131
60	122
134	152
88	246
76	714
287	579
40	587
272	670
4	96
264	327
379	689
498	715
390	572
62	178
400	517
325	654
127	637
191	252
376	716
194	564
165	424
117	464
4	280
255	405
547	668
403	717
169	263
52	502
547	580
402	476
516	572
323	356
530	718
410	600
20	59
9	517
336	345
158	550
16	104
132	719
35	309
308	330
48	547
31	255
106	166
2	62
181	720
226	239
327	607
91	144
71	386
356	576
598	645
710	721
63	409
311	499
69	138
154	235
215	497
14	269
640	722
21	255
336	709
262	699
137	167
56	409
16	69
286	723
130	411
386	544
106	490
489	622
421	645
126	270
260	724
145	541
207	303
6	111
637	684
70	492
27	558
1	725
279	661
339	694
216	648
33	274
129	593
12	629
297	726
62	330
27	246
222	324
232	464
259	262
171	275
534	727
158	383
24	159
337	531
13	538
209	306
140	176
6	728
150	340
452	723
211	244
17	401
224	244
315	490
380	729
340	645
127	264
93	327
30	455
677	697
78	607
103	730
241	567
205	223
48	516
120	630
277	484
240	286
79	731
646	659
293	457
400	446
336	498
328	423
102	248
8	732
4	122
62	149
4	506
174	403
451	691
346	372
481	733
55	534
66	84
26	607
5	494
333	425
244	414
310	734
20	204
181	313
239	307
149	725
179	421
377	381
492	735
177	199
515	565
55	463
646	695
155	450
257	736
332	385
290	648
554	707
71	269
25	242
328	591
247	737
479	730
590	671
118	144
385	476
7	403
350	738
102	116
215	647
279	459
575	598
375	476
46	255
142	739
612	672
290	435
242	523
313	384
78	678
241	297
146	740
526	547
244	279
69	126
411	514
452	735
263	677
551	741
38	203
390	426
226	305
159	238
80	104
624	687
71	742
65	86
45	728
21	206
97	236
44	495
351	452
315	743
112	120
584	699
102	222
137	238
558	682
163	267
83	744
158	291
193	301
1	312
166	236
406	656
525	730
290	745
323	557
680	741
518	621
90	629
312	725
6	356
118	746
396	564
43	364
31	89
224	313
44	325
281	747
127	203
380	659
680	726
371	469
349	517
142	223
198	748
84	97
33	708
41	739
685	698
15	248
486	749
229	457
244	449
135	299
75	288
43	371
142	439
219	750
50	108
38	127
546	566
257	628
114	750
161	751
557	582
370	553
75	300
460	514
9	113
56	371
514	752
50	207
197	504
342	514
149	366
226	306
604	753
184	255
51	177
366	515
276	281
93	302
266	754
13	587
12	72
196	335
122	501
68	659
115	672
501	755
292	337
418	625
103	180
145	259
323	712
305	389
422	756
182	301
227	241
53	113
664	724
289	316
15	320
538	757
573	603
168	380
179	239
230	574
397	659
33	758
81	136
475	648
569	570
431	690
444	499
222	665
149	759
46	431
414	579
120	556
223	649
17	243
459	760
178	686
645	722
18	759
45	733
168	403
357	761
446	537
174	255
47	189
24	151
140	229
213	710
483	762
197	566
15	70
113	172
150	260
78	611
242	679
428	763
249	481
93	647
5	103
16	517
272	368
540	754
516	764
517	726
506	705
516	697
89	667
454	636
9	255
214	765
380	403
36	652
188	547
4	391
201	488
431	625
88	766
80	183
131	322
3	386
160	187
34	542
674	767
52	234
88	497
130	505
137	533
44	483
143	674
602	768
328	642
268	483
7	162
57	522
156	566
164	291
315	769
287	475
304	579
29	495
102	246
4	222
261	563
733	770
5	152
378	698
110	235
120	748
508	771
255	379
110	576
472	583
22	243
56	115
252	578
214	772
301	382
346	377
98	740
150	710
39	168
45	97
656	773
124	407
87	458
179	437
44	283
166	349
248	677
422	774
174	193
16	139
202	278
13	757
532	712
79	180
488	775
3	588
5	94
297	446
22	354
459	769
666	684
533	776
129	650
30	61
162	244
398	579
301	317
415	608
347	777
468	483
25	292
556	576
325	737
162	425
634	695
273	778
102	311
233	267
257	346
122	159
332	410
681	695
727	779
377	685
447	450
45	635
482	696
741	745
178	190
401	780
87	425
265	651
390	408
60	243
451	624
74	158
642	781
375	448
166	270
255	319
68	686
223	299
88	441
400	782
171	424
141	251
245	448
136	202
179	499
258	338
75	783
566	571
587	666
80	125
674	755
69	331
290	358
672	784
239	725
37	736
184	223
354	503
248	524
30	690
606	785
23	263
485	659
6	271
491	654
4	208
234	786
32	494
75	195
584	707
360	440
77	156
284	306
325	787
27	251
86	170
70	509
235	552
120	542
238	302
209	788
457	503
206	502
78	381
100	529
414	660
308	358
327	789
381	757
46	161
50	341
508	579
333	349
328	482
185	790
144	167
549	639
164	244
508	566
24	482
347	418
420	791
278	292
390	640
340	588
98	334
453	704
633	792
447	596
484	562
546	785
499	613
114	239
205	793
236	349
124	597
127	181
221	305
109	618
158	365
305	794
707	757
78	263
115	784
103	299
441	589
314	466
581	795
301	771
383	788
248	320
44	787
441	570
494	733
362	796
483	654
337	718
385	792
210	452
308	410
381	384
303	797
110	552
338	435
175	241
580	789
427	495
152	798
98	112
47	350
573	655
27	367
177	337
509	542
186	799
163	726
23	483
284	391
325	631
630	682
549	717
452	800
287	295
412	598
214	742
105	574
120	698
324	354
228	801
245	792
382	547
201	275
206	750
192	584
241	676
705	802
170	242
167	276
49	323
634	677
583	670
56	303
149	803
211	300
16	207
171	342
85	552
35	98
54	150
803	804
256	450
278	570
143	183
188	305
57	758
192	672
267	805
53	198
256	295
72	304
134	241
110	333
511	801
404	806
565	734
77	414
293	437
185	260
84	176
356	807
323	799
76	657
433	754
225	430
334	710
212	733
31	808
587	757
82	630
99	491
102	456
457	527
25	694
39	809
441	558
343	789
423	775
82	490
227	510
145	323
559	810
152	166
309	790
251	260
377	585
324	359
259	811
70	286
437	499
13	17
126	349
294	622
218	706
168	812
759	803
97	725
4	598
288	456
41	582
115	813
166	381
208	510
36	228
327	332
484	686
141	338
132	814
89	349
120	689
196	269
158	626
157	263
409	433
287	815
57	390
201	372
221	329
4	140
341	346
197	571
792	816
196	213
164	306
424	746
508	812
261	323
258	590
536	817
155	396
219	260
192	285
38	449
21	50
170	531
168	818
108	335
26	81
167	659
255	704
172	229
376	686
240	819
66	380
24	43
12	285
156	671
169	605
120	779
30	820
252	318
158	282
278	319
605	772
38	215
579	754
626	821
374	414
289	389
194	274
118	214
179	277
79	240
782	822
172	383
127	156
210	638
278	471
192	231
110	159
459	823
17	59
442	754
154	275
201	315
452	541
61	353
99	824
295	332
4	320
132	136
130	339
6	714
551	700
804	825
38	86
95	533
355	746
3	51
435	442
72	812
80	826
159	301
284	349
295	566
194	757
424	459
49	141
130	827
146	354
161	406
228	657
525	655
255	757
575	722
613	828
141	262
447	738
127	556
525	801
342	530
47	829
2	182
170	701
8	91
14	223
279	453
669	823
693	830
255	590
22	347
654	762
209	270
50	765
105	473
821	831
568	701
12	660
63	375
522	729
259	724
5	288
498	832
182	350
33	342
26	806
104	280
269	823
40	327
374	833
4	232
449	549
271	572
143	159
666	733
284	383
374	834
505	827
194	700
662	715
112	220
214	355
294	590
504	835
18	115
182	685
20	257
130	736
4	293
28	734
654	836
217	807
443	601
139	315
540	545
103	380
185	275
37	837
20	57
15	728
243	366
121	163
579	764
331	364
255	838
249	458
131	390
3	569
463	650
37	390
126	355
220	839
593	650
288	601
264	548
201	355
368	371
23	521
305	840
351	479
25	170
833	834
105	110
194	550
120	720
443	841
4	714
239	629
30	546
62	203
7	659
86	842
119	811
283	376
319	379
183	267
136	278
200	334
67	843
4	47
195	789
252	368
154	270
82	110
79	126
790	844
172	589
82	181
169	417
131	204
488	542
71	501
780	845
251	413
59	179
635	728
280	536
22	487
244	468
299	846
74	268
36	78
161	408
317	382
30	317
292	621
644	847
191	570
484	587
187	207
85	574
161	746
105	115
327	848
310	597
283	685
202	343
258	294
130	363
409	489
126	849
153	319
503	610
3	365
425	466
344	481
221	228
627	850
100	316
228	525
181	210
166	807
129	194
175	718
48	851
174	575
509	634
49	354
215	376
20	310
27	160
678	852
207	324
148	449
639	640
172	841
4	226
544	746
670	853
512	683
65	329
61	220
81	211
236	331
280	579
18	854
631	679
4	268
361	443
326	569
71	78
460	614
372	855
148	255
433	737
61	433
228	459
5	456
439	490
534	856
6	7
276	642
163	281
358	375
223	439
221	857
122	504
47	137
144	250
624	766
494	660
388	858
5	218
179	828
93	203
120	741
42	459
161	859
463	656
4	623
832	838
70	345
180	225
560	658
672	860
188	324
35	129
304	385
40	205
359	585
388	393
761	861
23	685
669	715
274	339
183	355
216	752
19	255
331	862
620	838
491	561
1	152
765	776
218	490
242	318
323	863
101	109
246	280
223	264
499	563
648	822
315	483
688	864
22	441
108	768
387	435
342	543
88	554
44	309
137	865
142	488
40	703
545	754
227	528
49	457
478	490
31	866
255	431
493	682
332	476
58	302
4	395
501	867
331	385
544	808
4	185
118	267
154	269
362	430
290	868
294	338
185	203
4	265
360	533
23	742
196	245
236	869
175	726
276	423
304	754
528	863
375	410
194	643
178	870
182	303
242	459
140	232
489	853
15	41
130	758
771	871
152	195
364	737
287	449
534	650
154	169
250	477
193	872
144	702
335	856
170	579
349	596
95	205
418	761
744	873
171	758
83	421
46	593
617	632
76	778
326	588
831	874
74	570
310	640
21	559
532	587
5	162
413	699
315	875
359	754
14	256
578	817
388	645
58	235
180	336
847	876
83	873
456	680
201	448
387	703
174	538
252	877
4	49
230	352
263	798
668	707
494	698
9	82
563	878
458	657
209	626
271	390
103	355
735	800
338	452
157	879
140	180
29	702
164	510
623	679
473	734
329	331
33	880
453	524
199	370
17	376
580	632
301	459
1	106
472	881
558	577
145	710
49	349
290	398
287	476
282	573
47	882
163	689
223	690
354	777
71	304
120	413
576	807
92	883
258	322
26	280
406	463
571	619
74	232
25	867
305	884
495	702
5	734
16	54
50	160
150	721
381	430
7	885
4	127
332	837
412	640
614	885
147	455
2	685
518	886
247	331
43	78
37	174
411	795
174	518
314	568
375	887
28	706
339	739
422	587
171	615
46	343
3	210
233	888
74	112
126	299
13	578
411	838
218	523
356	360
144	889
121	552
219	833
92	697
106	857
145	165
183	480
752	890
413	512
286	638
400	651
216	505
586	610
222	235
611	891
81	540
153	502
183	572
549	791
550	738
159	251
401	892
136	196
329	356
198	809
110	826
759	804
249	773
375	893
171	525
662	832
197	835
105	593
4	180
227	328
88	894
173	306
122	141
491	591
618	757
355	859
136	340
325	895
267	884
359	761
579	710
511	778
454	551
207	277
86	896
598	722
165	445
177	313
288	565
296	766
13	728
426	897
64	160
519	545
576	637
218	679
187	259
224	229
60	898
309	341
521	752
348	776
732	741
50	580
101	638
846	899
221	270
429	881
210	391
128	269
4	295
288	515
502	900
95	313
247	377
570	658
368	563
447	550
2	234
551	901
265	670
5	178
239	341
420	709
79	798
355	583
715	902
75	270
91	129
32	146
21	389
50	270
208	284
427	903
14	255
299	359
5	838
189	275
120	141
586	820
228	904
270	407
537	651
645	663
262	334
20	458
128	841
877	905
254	670
301	381
760	769
407	462
196	223
391	906
332	514
455	842
224	258
274	696
99	426
85	267
765	907
787	895
179	324
337	621
62	461
36	839
135	908
213	334
245	354
746	801
71	426
305	566
106	909
304	805
128	315
478	769
449	719
292	761
328	456
534	910
57	339
282	315
6	275
262	347
437	670
15	62
905	911
300	368
110	273
282	661
29	64
189	829
534	878
45	912
21	174
320	453
47	255
63	744
404	694
620	642
253	913
6	497
88	451
249	410
644	876
20	31
229	305
470	914
751	838
440	704
261	335
182	464
267	329
185	813
509	915
303	590
457	461
175	482
5	839
470	574
181	300
874	916
5	65
372	488
388	838
18	58
254	853
547	917
49	118
831	916
340	640
240	846
64	356
297	400
758	918
541	710
350	829
203	365
20	255
162	240
640	824
407	919
253	642
228	769
81	831
52	786
210	648
101	129
248	920
170	754
80	154
414	754
434	749
130	342
431	593
236	921
74	461
538	819
32	238
350	565
214	350
15	828
56	922
66	211
378	821
159	771
93	763
40	248
56	85
695	923
223	306
11	300
413	710
570	708
13	291
528	651
531	924
157	227
282	759
365	505
232	344
40	330
514	758
259	925
394	787
821	874
68	326
8	129
108	377
182	325
587	926
255	357
444	792
197	815
380	860
226	803
464	475
461	927
462	698
73	488
435	452
106	161
357	372
89	101
73	928
282	288
2	382
97	349
876	884
245	410
39	673
373	929
722	899
158	565
70	589
349	385
75	113
338	423
215	930
652	912
103	240
499	748
395	677
602	754
54	467
877	931
87	303
508	871
591	639
56	102
333	706
237	650
645	932
2	837
4	229
731	838
57	164
71	390
10	505
487	933
438	770
166	331
414	490
317	514
317	586
810	839
229	934
158	244
54	66
88	622
116	120
144	319
135	181
716	935
99	223
514	890
527	661
318	670
115	571
116	698
552	936
118	133
732	745
250	365
25	375
203	723
68	805
371	937
227	238
513	680
752	758
193	727
82	133
690	884
104	938
30	45
97	290
390	635
112	200
59	558
429	638
535	939
385	862
254	319
255	412
244	485
123	305
820	940
344	590
505	929
619	629
4	439
519	540
296	451
292	941
312	543
67	548
279	857
781	820
171	232
447	942
340	560
178	484
595	765
230	505
263	320
107	382
596	943
258	299
161	522
646	923
289	510
433	735
10	98
360	944
844	932
15	582
571	629
255	492
429	757
276	328
131	945
217	428
620	676
70	553
52	269
332	815
31	946
26	170
217	330
755	767
145	595
68	715
359	548
207	947
260	275
24	768
493	630
240	325
204	729
380	480
767	948
307	313
646	681
217	266
170	473
124	518
9	45
716	949
524	767
299	798
41	568
68	725
30	620
612	744
659	950
192	194
228	375
216	524
174	786
162	198
420	449
468	951
300	454
421	758
361	490
1	37
68	164
352	510
428	952
156	393
485	728
160	240
360	863
282	704
402	953
170	193
413	556
109	129
162	846
62	247
250	628
482	954
31	675
475	579
441	449
430	796
366	484
286	773
118	955
34	410
339	447
231	584
174	474
543	596
98	766
469	956
406	694
54	304
372	432
355	805
755	867
1	54
533	957
13	241
109	892
315	789
415	558
337	483
378	915
821	958
20	23
246	367
616	861
116	412
562	686
622	628
100	959
354	448
4	11
467	902
262	440
111	778
15	485
105	960
46	656
421	437
21	287
89	256
892	955
206	443
283	961
669	902
612	873
252	551
345	420
454	602
13	206
613	962
486	870
85	86
391	648
73	904
208	482
134	256
937	963
336	388
408	630
24	389
257	310
116	646
765	964
463	927
542	915
683	789
731	832
75	168
39	571
940	965
234	401
203	273
184	200
636	927
494	966
128	515
99	275
11	623
908	929
467	541
917	967
279	473
38	808
724	811
381	429
381	730
8	204
79	968
171	238
659	885
54	126
49	413
256	452
272	292
251	969
828	962
772	848
240	381
161	955
802	885
79	331
721	970
44	166
142	230
213	398
683	729
31	198
370	638
791	971
158	310
256	297
162	220
564	724
556	637
304	575
149	972
270	479
105	420
324	851
812	818
43	45
685	709
39	973
161	531
162	350
529	681
288	897
454	741
162	801
594	974
359	914
65	244
342	803
4	276
528	532
246	913
12	975
130	904
689	926
460	572
29	101
159	380
347	541
743	976
546	820
267	386
188	453
259	584
255	261
326	977
223	757
213	231
251	347
123	191
418	548
229	659
177	978
611	640
233	884
174	659
50	909
595	710
816	979
21	239
678	940
288	734
365	477
171	972
138	381
829	980
601	841
573	846
63	223
76	84
315	976
585	737
920	981
252	300
192	244
443	535
3	232
75	683
379	519
52	982
79	184
141	347
456	457
233	565
97	968
84	693
811	983
334	347
547	558
346	585
252	931
93	264
793	984
885	950
771	812
80	323
4	243
177	225
255	403
215	985
56	142
249	602
112	252
164	706
151	517
274	562
426	986
178	884
315	760
265	315
674	719
32	328
90	973
362	987
138	270
223	371
165	728
287	311
838	980
174	645
7	988
29	797
125	323
51	702
524	654
235	239
10	909
483	989
566	771
264	705
385	885
156	531
206	673
21	810
588	990
362	726
581	936
124	816
230	310
236	392
214	428
767	991
874	958
53	208
194	255
443	750
536	892
78	683
461	992
680	732
39	149
224	388
82	452
18	209
494	741
893	993
255	606
661	704
502	827
341	350
85	214
947	994
470	875
289	595
418	925
552	826
16	685
572	742
914	995
182	229
631	756
160	246
221	247
243	376
248	981
105	996
422	987
196	856
935	949
498	902
18	37
5	158
973	997
6	190
201	272
484	926
237	689
54	110
500	514
398	998
424	769
216	452
634	915
42	106
237	779
534	555
953	999
79	136
747	754
64	732
298	501
302	799
627	732
194	1000
249	634
128	695
122	354
292	574
440	661
185	354
56	692
118	572
154	826
485	582
13	82
98	231
186	637
162	909
170	895
53	650
4	722
205	371
73	308
375	600
261	475
5	82
580	678
223	587
95	129
106	370
598	926
67	256
721	735
506	802
365	483
603	846
47	341
439	734
97	330
220	275
73	101
476	801
258	691
589	755
381	479
255	723
79	299
386	805
434	903
435	943
304	832
684	744
63	229
192	380
70	109
355	538
473	801
17	415
14	54
543	943
64	805
751	955
684	873
105	934
231	268
50	810
350	917
230	371
135	532
483	514
89	300
530	937
171	411
148	744
129	153
669	832
77	83
120	538
535	771
94	99
244	856
123	494
79	212
66	244
223	393
296	415
598	932
77	130
436	900
158	1000
175	738
509	714
195	885
110	944
916	958
139	342
439	515
88	524
89	133
186	255
98	501
4	272
581	826
190	634
304	562
122	584
754	794
4	543
283	309
207	220
408	613
13	1000
279	597
127	207
61	438
636	741
521	737
255	719
264	847
178	194
820	965
264	412
401	578
155	253
351	413
125	506