#module 0 size: 21 bs: 0.382516
60 61 62 63 64 67 74 82 85 87 89 90 94 95 96 97 98 100 101 102 103 
#module 1 size: 26 bs: 0.840865
9 10 12 13 14 15 18 21 25 27 28 41 42 43 44 45 46 47 48 49 50 51 54 55 57 58 
#module 2 size: 20 bs: 1.76237
31 32 71 72 73 74 75 76 77 78 79 80 81 83 84 88 91 92 93 99 
#module 3 size: 16 bs: 1.39881
1 2 3 4 5 6 7 8 15 17 19 20 23 26 29 30 
#module 4 size: 20 bs: 1.14013
9 11 13 14 16 22 24 33 34 35 36 37 38 39 40 41 43 44 45 56 
#module 5 size: 15 bs: 1.41994
8 10 15 51 52 53 59 65 66 68 69 70 86 104 105 
