15	21
2	22
20	21
12	23
1	24
4	22
7	24
14	25
17	26
23	24
1	22
10	27
7	28
4	27
22	27
25	29
14	29
3	30
27	29
3	31
8	23
30	31
7	32
28	32
5	33
3	29
21	25
21	29
19	34
18	31
3	14
2	35
20	30
20	27
34	36
22	35
32	37
19	36
11	28
24	26
11	38
26	39
18	22
21	27
16	28
3	40
18	26
33	37
40	41
6	33
24	33
24	25
35	42
2	42
18	30
41	43
42	44
3	41
9	21
8	40
31	45
8	35
6	38
6	29
22	42
2	44
15	46
30	45
21	46
40	47
23	26
33	41
11	35
28	48
8	48
29	46
41	47
10	49
17	39
6	14
20	50
27	49
43	51
16	29
41	51
35	44
1	52
32	48
17	18
50	53
23	53
46	51
36	38
29	49
8	54
3	47
6	16
33	39
30	41
25	55
20	28
27	28
24	30
20	53
53	56
22	44
7	48
12	57
14	55
50	56
12	58
24	45
4	18
30	40
21	59
24	53
20	29
18	34
10	60
15	59
23	57
18	20
57	58
20	25
48	61
43	58
24	36
43	47
56	62
50	62
3	43
23	58
21	63
1	33
9	15
25	56
3	64
6	55
33	40
54	65
29	55
7	26
49	60
46	63
49	66
15	63
20	56
31	41
18	19
18	67
41	45
3	51
13	27
57	68
21	55
47	51
8	65
6	69
9	27
25	67
15	24
30	70
59	63
39	49
12	71
5	29
23	71
5	67
40	51
32	72
27	60
28	70
28	72
24	52
21	73
4	69
10	66
14	74
27	53
55	74
28	61
1	75
31	51
1	6
28	37
53	62
62	76
24	73
18	24
15	73
3	34
53	77
16	46
23	68
40	78
2	29
1	45
37	72
2	25
53	79
40	45
11	42
27	38
27	66
24	75
8	80
58	68
52	61
4	33
68	71
59	73
46	73
67	81
48	72
22	49
12	69
62	79
26	82
12	68
17	80
21	22
16	69
20	62
2	83
17	82
38	78
24	61
9	25
11	84
68	76
57	69
22	53
31	64
10	28
11	85
28	56
38	77
37	61
31	43
3	70
54	86
50	79
52	75
46	49
51	70
46	70
77	78
72	87
59	81
45	70
22	28
20	77
56	88
29	74
63	69
26	88
30	51
45	47
76	89
18	29
31	40
61	72
13	34
18	81
4	90
69	86
25	74
33	90
13	19
1	91
4	34
12	16
84	89
13	22
60	66
12	92
40	43
52	91
46	59
37	92
3	93
7	11
24	91
16	86
71	94
11	70
47	78
53	73
20	78
39	46
30	95
3	28
75	91
9	73
23	94
30	96
32	61
63	73
52	60
32	97
56	67
41	78
44	83
53	88
65	98
18	42
37	81
7	61
8	45
86	99
9	80
11	48
3	45
61	97
45	96
68	94
60	100
12	94
20	88
37	39
65	86
31	95
34	101
22	83
65	80
34	80
10	100
33	72
29	102
50	77
38	84
25	52
45	95
35	80
56	103
7	72
3	95
45	52
72	101
53	104
29	54
38	92
16	105
84	85
77	79
6	106
85	90
45	51
57	92
48	101
1	61
96	107
72	97
18	51
84	108
73	80
3	78
77	88
2	53
24	63
32	87
37	109
62	68
65	99
11	108
8	86
95	96
9	110
8	96
40	105
62	77
66	100
62	89
46	111
20	76
54	80
17	88
6	11
9	52
25	108
82	112
26	30
35	83
10	29
3	20
61	113
1	37
81	94
34	35
30	43
46	80
61	114
57	71
15	16
83	97
50	115
63	112
79	104
1	13
92	116
90	109
63	111
37	48
15	111
36	101
79	117
59	111
79	89
33	67
64	93
13	35
77	118
57	116
6	27
32	109
16	49
50	119
38	48
13	60
80	86
33	96
25	110
61	120
21	32
40	93
27	48
21	111
49	100
57	121
19	101
90	105
7	37
45	107
39	122
73	111
17	67
53	89
39	123
71	92
45	93
49	71
85	108
32	120
37	110
94	124
16	48
50	89
28	97
43	95
13	125
53	115
62	119
32	113
66	82
2	23
38	85
26	126
64	90
60	86
40	95
11	26
16	33
1	67
19	127
69	106
29	56
62	88
58	71
37	97
30	128
78	88
38	58
104	117
41	46
45	129
27	100
38	108
121	130
7	97
14	102
101	116
25	36
6	28
55	131
40	46
43	45
44	114
15	75
39	132
51	129
107	129
2	52
8	47
21	42
14	133
56	79
45	91
31	47
8	134
20	89
33	83
68	89
52	121
105	119
77	135
2	9
93	95
55	67
26	48
4	39
19	48
78	136
47	129
12	124
64	95
24	68
72	113
27	106
15	137
82	126
65	134
43	96
4	123
26	125
16	138
2	97
99	134
10	71
87	104
21	87
101	127
98	139
34	103
105	138
50	110
11	17
99	140
6	24
33	137
51	64
25	131
11	46
104	115
34	141
33	47
7	87
19	26
117	142
54	98
8	43
23	92
17	126
29	65
53	143
25	133
69	121
51	58
61	87
95	107
99	144
35	43
18	46
31	70
32	114
5	16
85	112
43	145
68	92
58	94
6	73
122	132
19	141
59	94
29	146
127	141
17	132
111	137
113	114
11	33
78	147
45	64
59	112
57	94
18	70
12	116
54	99
133	148
54	139
30	110
18	80
37	87
67	149
15	105
72	114
37	132
86	134
143	150
56	115
114	130
34	127
40	147
9	100
1	92
142	151
80	99
79	88
104	142
72	152
112	126
70	96
43	147
87	97
6	85
33	153
46	137
95	128
22	59
37	147
4	67
34	56
122	154
60	153
7	109
51	96
54	140
82	132
11	155
66	103
40	49
92	94
32	152
24	37
39	83
64	156
14	148
28	62
63	91
6	96
98	99
116	157
87	114
28	76
4	103
15	91
49	69
104	143
149	158
132	154
6	43
77	115
94	116
94	157
52	159
6	21
36	143
67	158
57	130
18	160
1	53
23	116
74	133
1	159
68	161
98	134
51	147
134	139
23	161
35	54
25	148
142	162
90	116
108	155
78	84
71	130
7	39
68	119
55	163
76	90
54	134
86	144
80	98
24	148
16	99
2	164
86	98
134	140
15	18
53	118
9	35
155	165
60	151
4	81
8	98
101	141
23	166
131	133
50	76
92	109
1	158
2	115
81	149
132	167
71	116
115	142
37	114
13	83
64	107
21	168
122	167
4	80
41	64
124	157
57	166
36	74
153	169
6	41
9	37
104	150
81	158
67	160
7	170
21	110
61	75
52	114
71	121
71	161
36	171
77	117
33	169
7	114
27	141
74	102
97	152
129	172
36	102
7	152
17	77
31	96
28	114
141	173
42	164
9	108
78	95
32	170
45	53
27	174
39	69
64	96
32	92
5	153
68	130
77	175
20	79
11	165
47	107
13	38
28	119
128	176
3	147
43	70
19	171
59	87
57	86
7	177
114	170
60	174
10	174
149	160
25	121
76	178
34	46
44	164
117	150
24	159
89	125
51	57
16	179
44	115
97	109
71	157
86	139
73	168
56	78
58	180
57	99
36	127
114	159
64	147
91	159
120	152
23	181
88	115
56	80
60	69
100	174
85	165
53	182
57	157
45	147
42	78
74	163
12	130
22	115
154	183
72	109
109	113
118	135
21	48
82	168
138	179
182	184
45	134
57	161
17	175
113	155
14	146
58	181
59	185
55	85
54	144
117	143
47	96
122	183
126	132
100	186
16	74
9	86
84	155
102	148
27	186
126	154
73	187
18	56
23	130
68	180
122	126
32	177
81	188
118	182
73	137
63	185
25	27
180	181
116	189
42	83
68	79
26	116
151	162
110	119
158	160
160	190
168	187
142	150
60	186
23	189
109	191
4	96
74	131
33	35
18	141
125	187
162	188
97	192
88	118
46	187
51	172
23	115
8	140
21	170
181	193
135	175
27	73
67	190
2	16
24	179
30	129
179	194
20	170
24	70
99	139
102	133
126	167
135	182
90	195
88	182
29	33
55	148
76	105
86	140
166	196
125	196
39	126
29	179
10	114
93	107
20	103
148	197
52	93
9	174
133	146
17	122
31	172
119	198
16	194
9	11
36	141
160	174
49	174
190	199
6	137
28	106
45	78
63	199
102	141
22	164
163	200
55	133
57	196
85	199
111	187
39	170
3	201
167	183
112	138
16	53
133	163
127	171
26	189
148	202
23	196
120	170
29	44
105	147
137	187
82	203
61	109
141	171
17	112
110	149
113	177
112	132
34	204
37	52
22	94
116	126
84	165
1	164
21	108
148	205
116	124
36	121
69	90
31	145
83	191
128	206
110	135
130	196
108	165
97	113
41	134
48	114
169	207
96	128
79	103
126	138
40	64
70	137
90	185
180	208
5	96
33	207
150	151
41	95
19	126
102	131
198	209
131	163
91	134
124	189
119	209
35	97
97	210
87	170
56	77
13	153
8	144
46	168
24	211
42	70
89	178
5	207
25	170
52	100
177	212
45	172
18	179
27	118
5	99
18	98
160	213
133	200
84	113
16	88
27	199
79	214
4	195
54	133
160	199
66	174
131	146
193	215
10	113
75	159
39	207
132	183
8	31
46	216
55	81
139	140
118	143
153	207
63	213
182	217
26	132
59	168
26	73
149	174
21	137
16	218
123	180
71	81
13	67
132	203
5	95
189	196
200	219
157	196
26	31
158	188
24	38
33	34
92	157
166	220
53	142
179	180
133	205
174	186
92	189
35	110
135	221
33	53
4	179
48	176
72	169
30	201
69	222
179	181
39	183
96	123
10	94
63	137
35	204
27	223
49	218
91	172
46	185
208	224
123	183
14	179
121	157
80	139
149	190
102	225
154	203
85	155
38	165
146	205
58	193
154	167
66	226
58	215
28	49
38	155
34	173
38	157
154	227
71	160
48	113
5	98
21	186
82	154
142	143
189	228
56	214
62	178
37	149
180	215
34	200
52	229
26	56
5	105
149	188
103	123
97	204
43	181
146	230
173	215
83	126
41	72
53	214
37	160
74	146
216	231
35	135
180	224
147	184
135	217
26	183
9	18
156	232
100	223
119	135
140	144
6	118
147	156
85	144
34	233
32	191
12	189
181	224
161	189
166	181
138	150
189	234
130	161
60	223
114	161
9	229
227	235
47	58
92	130
108	220
115	118
29	236
93	212
46	231
73	185
47	95
41	152
138	237
88	103
124	196
36	233
3	96
18	199
127	173
96	238
53	135
228	234
33	73
16	26
17	154
222	231
7	239
102	203
32	111
205	230
101	204
79	92
18	231
148	240
17	25
50	198
179	218
118	221
28	241
182	221
6	8
62	214
35	58
176	206
154	242
77	150
10	226
188	190
39	152
174	226
100	141
240	243
33	131
6	32
82	167
97	114
58	116
46	123
232	244
15	187
10	186
99	230
174	218
69	166
34	51
170	245
23	224
8	99
69	223
75	211
159	211
88	126
106	246
50	88
118	142
114	245
112	183
171	173
98	144
147	247
76	119
104	162
63	168
4	49
202	240
44	104
174	248
106	222
158	199
131	230
175	221
3	24
137	249
49	97
27	248
6	182
135	184
4	190
27	226
92	250
80	110
171	233
39	154
36	51
13	44
224	251
75	154
21	62
86	248
41	120
6	133
14	205
186	252
188	215
83	164
131	148
127	204
138	194
63	253
8	92
187	216
7	192
28	109
121	124
132	254
15	100
48	58
105	112
18	188
91	187
123	255
85	160
113	170
139	144
45	86
16	106
95	256
99	110
45	136
73	118
96	147
136	257
36	130
68	77
113	212
20	115
124	126
91	107
184	258
62	103
78	257
1	211
60	248
168	216
171	204
170	259
70	107
138	218
69	140
203	242
64	145
85	98
12	260
97	170
29	72
39	112
35	164
183	255
103	254
260	261
4	188
131	200
2	100
74	148
19	204
168	253
216	262
140	251
118	150
69	103
121	196
19	153
216	263
20	119
66	203
132	242
85	195
28	135
219	264
37	152
15	19
112	119
106	225
125	244
32	192
115	265
25	154
175	217
118	162
107	147
86	88
14	266
41	257
242	254
237	258
74	154
23	33
158	267
81	160
31	93
3	26
50	143
58	267
28	68
203	268
74	236
2	143
30	172
77	265
7	38
209	269
74	200
39	239
28	118
96	129
165	268
28	270
127	215
16	114
36	161
67	77
26	52
6	51
11	271
18	44
186	248
101	189
27	252
95	110
158	190
29	272
20	118
225	271
163	219
70	147
13	36
239	273
110	197
202	243
34	64
148	230
45	145
88	274
143	225
77	184
155	271
64	257
177	239
154	200
189	275
103	119
103	209
58	92
90	106
88	221
51	141
23	276
215	224
172	201
53	90
120	192
75	229
218	277
83	153
211	229
48	97
167	255
122	123
93	145
135	278
145	172
194	218
21	176
24	229
198	269
51	238
269	279
146	148
85	205
1	190
138	277
68	181
172	238
240	280
62	135
72	191
58	124
25	197
166	276
221	281
223	226
159	229
100	255
150	225
14	95
152	177
30	282
182	260
162	221
84	271
31	35
16	98
26	283
57	193
21	278
18	146
111	168
109	132
115	119
87	284
187	249
100	167
9	220
229	232
64	70
64	136
63	285
58	189
79	135
26	255
66	186
208	251
73	221
29	286
127	233
198	246
57	139
129	282
250	252
194	287
5	139
51	127
89	271
87	113
13	126
168	185
74	288
90	287
24	138
123	132
79	110
13	66
102	146
135	289
130	157
226	252
22	118
132	255
65	268
204	218
20	290
8	46
80	140
103	174
67	126
33	189
227	230
13	291
20	26
40	289
126	283
237	277
26	77
262	263
184	292
127	245
183	227
65	139
119	178
2	133
222	291
121	293
224	276
241	270
123	167
209	279
129	136
16	277
283	294
106	230
96	176
191	192
37	239
58	130
146	295
37	192
19	98
52	141
110	269
60	226
238	296
228	275
1	16
2	106
8	164
208	215
167	200
245	297
243	280
156	244
198	279
5	169
77	119
46	263
286	298
101	173
248	260
31	78
42	202
85	139
185	187
295	299
114	155
164	190
145	257
67	110
135	143
105	139
188	300
165	271
134	144
71	189
102	236
52	151
73	301
73	249
65	144
30	252
36	104
220	276
200	255
289	302
36	204
115	221
45	248
88	117
27	37
116	234
294	303
143	182
107	248
181	215
105	291
11	231
87	109
21	304
231	262
78	256
127	188
146	225
225	295
100	305
4	167
94	181
190	300
91	211
236	288
168	300
76	306
5	160
114	196
3	32
48	285
140	183
218	287
10	307
21	301
277	287
104	138
10	305
5	189
195	288
214	308
65	140
110	118
174	247
245	264
12	261
97	309
89	306
132	283
212	239
68	116
187	262
110	277
256	310
175	265
116	161
137	263
107	172
74	286
105	311
135	269
124	166
10	248
35	178
169	191
27	307
22	312
49	226
93	156
83	312
189	207
52	162
64	78
296	313
73	216
1	59
113	152
4	8
97	241
20	252
123	314
84	218
16	287
137	304
24	308
24	116
93	315
174	305
107	201
29	131
91	271
102	240
299	316
147	244
50	149
131	219
98	140
17	73
137	168
250	317
125	291
222	316
59	187
40	96
40	201
266	318
199	250
27	85
248	252
68	215
241	309
42	186
296	319
120	257
49	287
206	207
91	229
55	320
74	295
78	107
168	231
313	319
227	255
150	321
166	215
96	156
167	242
4	122
92	317
290	322
253	285
163	167
18	190
30	47
19	173
122	323
39	63
112	154
132	294
37	170
128	238
6	324
185	285
111	185
223	248
112	227
2	312
90	257
220	325
158	213
182	261
109	170
24	194
124	215
234	275
278	326
94	234
247	305
43	64
47	147
40	145
45	211
249	327
128	129
203	227
116	275
183	294
249	262
154	283
156	328
183	283
106	324
158	306
8	139
65	165
182	329
115	182
6	246
92	132
72	272
236	330
86	110
55	102
283	303
105	179
47	128
271	331
228	297
59	82
107	123
67	235
32	90
44	285
271	332
138	311
10	70
244	247
94	115
40	70
105	333
10	223
12	38
104	188
90	220
66	248
117	184
116	334
109	245
17	19
29	205
33	152
256	257
112	167
107	335
210	309
152	239
205	225
223	252
234	297
81	190
23	336
251	276
5	144
23	180
169	254
124	266
2	337
124	275
220	224
73	226
177	191
138	283
125	338
91	112
14	131
249	304
111	285
160	188
105	218
116	339
242	294
32	189
185	216
106	228
165	251
202	340
176	238
200	309
75	183
94	189
25	146
220	257
173	341
194	277
46	253
161	245
26	122
69	324
88	342
85	271
185	231
158	300
262	327
52	53
200	283
278	343
68	241
169	242
35	312
1	132
23	29
165	332
215	344
153	328
117	214
81	167
138	167
69	246
29	133
142	345
152	273
223	307
117	222
23	317
20	143
160	162
345	346
35	89
4	254
248	305
51	282
31	107
277	347
125	257
120	136
238	313
167	283
199	267
274	342
274	348
135	279
47	64
178	306
277	283
116	317
30	349
185	263
40	107
148	200
105	277
208	276
120	245
178	350
113	245
21	26
104	222
61	152
29	320
309	350
239	351
126	196
60	235
17	22
76	143
269	278
31	147
82	352
102	200
201	238
157	293
186	226
60	307
271	353
213	300
17	133
190	267
212	273
110	133
30	255
92	354
137	185
164	312
33	91
27	108
227	242
75	355
85	96
273	351
125	180
95	147
78	356
45	315
83	90
174	311
40	110
49	186
139	189
76	357
105	194
172	335
5	179
15	262
73	263
92	124
264	358
108	278
157	215
8	285
138	287
83	337
51	313
326	359
90	333
106	270
87	142
107	360
243	340
85	167
49	223
227	268
95	136
85	156
186	361
101	233
140	276
24	355
208	340
101	361
55	362
139	234
111	249
105	356
78	90
80	134
265	363
29	148
135	214
3	110
90	199
254	301
54	364
116	220
82	299
184	214
179	287
154	294
77	221
142	365
125	179
295	316
5	126
237	267
120	177
342	348
145	366
142	346
10	11
24	233
23	215
199	300
128	367
12	48
191	254
52	109
123	283
143	151
69	368
103	178
222	324
162	182
28	99
70	129
72	170
205	369
156	199
187	304
73	262
72	233
82	227
357	370
216	301
153	337
84	256
228	230
130	141
67	371
100	337
28	120
190	213
42	325
147	365
114	297
233	372
218	347
181	220
17	91
78	109
89	182
177	300
367	373
89	221
100	199
155	331
127	372
32	270
195	338
301	374
62	115
142	214
98	237
55	205
55	295
31	188
181	375
87	120
46	301
225	230
105	306
65	288
98	267
148	376
1	229
151	225
50	290
133	369
232	247
49	78
134	377
245	259
100	361
18	33
29	317
334	339
6	378
18	300
74	299
80	144
159	355
90	157
187	327
167	379
67	320
173	204
324	368
206	367
53	64
217	279
290	380
160	371
61	241
104	321
117	162
6	249
13	283
223	381
48	241
33	62
112	123
134	341
134	364
242	268
296	382
318	354
54	377
317	334
97	191
122	283
122	383
110	218
26	352
11	27
263	301
6	95
36	246
251	384
41	136
88	119
120	239
4	383
74	230
197	202
77	385
136	145
166	188
250	334
191	309
109	130
63	249
381	386
72	325
77	138
286	320
108	131
226	307
129	145
383	387
103	182
77	89
81	152
168	249
113	339
287	347
146	388
53	166
12	157
38	271
332	353
54	371
62	184
58	389
5	76
138	333
256	355
23	90
12	196
99	364
320	390
17	227
181	196
68	189
9	337
35	37
156	391
220	390
323	383
5	18
173	233
92	254
267	392
88	348
52	211
55	272
78	385
261	393
226	263
25	75
197	243
187	334
179	347
91	139
137	394
225	369
56	127
160	300
94	161
59	190
8	377
277	395
102	108
115	178
36	173
43	107
115	348
30	107
343	396
60	252
88	281
79	308
110	347
98	364
265	397
24	285
52	355
106	150
29	362
24	230
5	80
45	398
275	317
49	248
114	191
15	231
312	343
75	227
32	399
166	358
154	235
102	230
167	254
169	227
86	91
126	400
25	237
6	368
108	271
63	301
92	389
56	118
390	401
19	140
104	283
185	304
363	397
65	125
228	402
101	372
181	347
235	268
62	385
355	394
236	299
214	403
285	301
150	184
80	377
216	249
27	330
195	205
335	404
75	121
53	61
279	289
39	294
133	230
56	64
264	405
38	152
46	249
225	240
70	95
126	227
59	249
319	406
14	225
222	225
49	80
219	358
125	216
117	281
39	407
178	265
20	282
29	95
20	380
9	224
134	408
98	278
17	167
9	312
121	126
238	319
156	176
72	409
12	334
110	289
67	237
91	144
240	376
100	226
205	410
13	58
252	317
93	176
60	381
14	272
129	313
189	411
260	334
172	296
86	221
76	221
17	369
30	125
6	412
91	138
52	90
69	144
212	222
257	310
175	397
304	413
172	382
87	345
135	403
57	234
222	413
43	93
236	414
21	245
311	333
305	307
243	381
90	246
152	399
272	415
331	402
141	204
143	221
47	109
110	214
26	254
361	416
61	191
51	78
36	372
199	226
13	207
213	401
412	417
110	369
14	415
133	240
17	235
364	377
41	147
304	418
320	401
197	340
80	160
194	237
316	413
5	419
8	301
90	179
20	342
91	350
255	314
59	113
161	420
93	129
335	360
44	312
212	231
133	219
41	247
137	421
212	315
242	283
46	327
12	121
99	308
29	197
33	422
298	371
337	392
195	333
140	377
154	400
209	289
196	423
83	199
307	381
46	262
90	390
17	171
83	156
334	424
141	159
14	237
22	97
32	284
294	407
5	48
345	425
92	234
306	350
192	239
285	304
222	365
189	372
419	426
95	266
73	327
308	403
229	355
65	377
77	90
59	427
29	295
93	257
137	262
272	286
129	147
9	133
135	428
271	306
86	223
5	101
122	227
4	238
187	263
130	429
68	420
118	151
33	142
191	239
94	317
19	138
5	430
89	308
287	326
56	117
187	285
101	171
36	165
218	431
146	240
5	426
108	429
55	137
264	306
158	384
268	432
274	281
43	118
24	388
203	400
178	309
32	433
120	125
277	333
91	369
254	294
303	307
413	430
321	434
52	156
305	361
237	287
27	165
2	28
112	400
237	435
69	412
69	358
217	403
74	167
63	267
148	225
45	436
52	419
78	226
125	182
7	106
81	427
421	436
20	437
171	368
82	122
9	17
291	338
8	106
121	181
241	438
108	332
39	167
49	381
48	253
121	234
149	199
11	439
265	350
30	206
189	334
18	43
93	147
243	341
24	440
82	185
5	69
8	11
231	300
333	441
155	353
232	427
66	223
16	121
67	69
270	284
119	442
328	391
260	393
31	315
4	118
122	443
19	352
62	207
124	161
245	326
347	395
41	70
104	444
148	236
271	336
101	109
47	137
77	350
42	168
43	445
55	230
254	389
214	221
174	199
127	341
132	227
168	446
212	351
49	90
6	415
39	41
108	343
43	366
186	447
294	435
51	77
244	328
14	318
63	446
24	398
238	448
40	327
3	107
270	309
84	429
162	329
37	63
371	449
56	135
13	161
188	199
109	151
90	355
262	334
238	450
63	187
57	423
57	389
235	237
338	419
357	451
291	427
113	241
91	364
71	334
226	248
1	143
387	452
13	294
131	362
18	371
121	375
74	415
165	353
203	453
331	332
345	365
162	355
148	340
100	110
72	135
36	454
216	285
43	246
5	422
89	118
108	236
92	334
161	455
196	429
281	342
77	110
100	423
52	323
6	170
200	456
30	93
135	302
9	56
94	455
111	304
41	80
406	457
28	357
182	302
89	115
252	307
316	416
77	458
93	222
249	322
281	348
279	428
119	207
209	217
234	459
211	355
245	341
185	427
27	447
76	79
105	167
118	460
152	170
126	242
7	398
110	158
2	59
275	402
363	461
30	78
324	353
268	453
149	267
231	301
47	70
295	462
48	109
69	378
157	193
14	240
286	390
173	454
157	463
87	425
174	223
11	40
50	184
172	206
178	363
207	464
110	338
125	217
317	402
28	245
199	460
144	364
300	465
204	309
45	388
220	310
94	196
4	448
337	466
38	148
145	436
90	215
422	426
81	127
212	241
52	467
302	329
192	210
27	268
102	163
12	161
316	468
25	97
61	138
147	335
139	187
258	466
142	291
156	469
124	293
366	445
37	120
51	95
175	279
178	207
103	470
40	167
64	129
118	181
42	141
77	104
84	471
231	304
253	446
84	353
66	209
93	244
184	269
70	472
135	151
30	147
8	170
79	184
38	52
93	110
417	473
6	136
24	288
228	459
204	233
199	232
286	299
41	474
254	334
177	192
315	398
8	364
46	236
56	290
272	475
291	332
21	249
95	366
38	439
109	185
246	324
406	476
90	461
366	436
40	439
97	239
44	325
120	212
451	477
163	264
70	202
130	181
33	426
82	379
205	288
186	478
156	467
77	103
17	135
10	116
305	381
169	426
262	479
31	282
34	136
153	186
16	161
155	439
81	213
84	480
24	101
102	299
109	114
91	167
22	337
303	407
272	481
57	407
26	123
5	464
190	392
230	364
85	149
463	482
7	113
212	270
230	320
238	367
286	401
321	444
245	483
112	203
82	235
76	215
40	349
261	462
100	416
333	484
250	354
138	484
46	138
423	429
91	363
422	464
288	485
14	280
196	400
327	334
215	220
183	314
34	74
309	486
159	171
67	221
227	391
194	211
47	266
157	334
44	487
12	393
415	475
172	443
160	449
110	224
295	415
484	488
105	234
57	189
75	440
193	423
34	109
90	141
320	489
195	289
78	96
104	221
43	129
111	301
15	277
313	490
154	255
31	445
262	421
162	175
298	320
234	334
318	491
66	132
229	467
52	307
231	418
127	335
83	179
408	492
222	246
60	361
227	400
131	225
33	432
383	448
319	493
256	353
16	431
261	334
272	401
133	264
191	469
38	494
95	156
145	310
179	182
35	439
268	400
70	172
229	495
66	305
83	202
278	279
184	279
167	303
333	395
346	496
328	469
240	247
107	327
64	104
427	491
355	467
215	497
26	443
25	295
108	181
311	487
159	363
99	227
10	498
132	383
16	255
15	170
173	438
43	116
154	159
62	499
148	295
77	442
56	269
282	313
77	143
330	500
131	143
29	298
106	378
126	183
233	454
479	501
16	347
175	289
87	245
141	336
70	78
447	478
294	502
299	330
368	424
106	412
194	347
55	249
17	350
290	503
19	231
141	372
67	74
360	404
124	130
170	437
258	504
9	338
153	426
167	383
214	258
35	51
192	241
409	505
176	244
146	415
218	382
34	171
245	284
290	342
288	506
146	299
210	270
38	353
249	285
89	143
339	507
150	214
207	426
429	480
58	334
212	300
72	270
83	508
235	453
318	415
108	353
13	338
46	285
122	203
82	509
55	110
49	386
35	56
322	503
33	419
18	77
328	510
361	478
204	454
72	505
159	467
312	337
68	385
367	511
9	30
87	136
28	113
77	289
21	52
101	512
415	491
88	147
380	503
45	140
7	230
175	329
92	513
413	432
116	424
173	193
377	408
160	267
185	390
152	514
87	321
316	482
141	233
389	513
100	248
156	247
11	515
180	196
108	423
100	180
100	159
412	473
58	157
154	516
65	180
176	207
441	484
44	337
48	70
50	221
301	517
103	184
66	183
2	110
53	103
58	128
79	470
63	518
312	487
315	436
275	504
63	216
218	237
102	456
214	519
309	438
440	519
82	90
81	273
93	247
11	189
271	520
124	334
475	481
186	307
83	485
95	320
36	43
488	521
164	179
114	421
145	206
4	97
469	522
295	376
457	476
197	442
185	249
12	62
100	458
336	523
158	392
89	103
21	323
190	221
406	493
284	433
505	524
141	341
116	455
19	233
38	332
238	406
24	69
304	525
90	247
171	361
167	314
220	234
28	505
36	299
520	526
203	235
22	452
282	319
37	245
43	78
79	115
285	527
86	117
33	211
373	511
120	216
266	275
34	448
225	528
52	440
352	443
134	440
110	372
153	419
114	239
407	529
71	124
108	439
16	426
191	297
25	225
107	364
318	530
52	495
284	399
5	129
158	337
115	290
293	375
95	531
392	466
33	365
270	433
188	449
278	359
83	154
8	532
223	447
117	292
110	178
317	389
235	400
114	212
112	533
82	183
19	419
165	515
256	503
142	184
229	440
1	534
332	439
106	473
157	393
101	454
197	240
333	347
213	535
126	233
75	241
66	447
263	304
1	89
115	503
329	536
210	239
208	384
193	389
440	532
202	295
67	188
299	537
73	285
394	421
338	511
258	519
371	397
216	304
487	538
426	464
413	525
159	495
19	443
211	534
246	414
458	539
9	75
238	490
222	295
153	202
294	400
188	465
208	540
492	530
13	89
63	304
353	368
129	529
48	120
145	541
246	384
2	285
319	367
198	217
201	296
176	367
18	542
1	355
303	529
240	456
179	337
76	161
51	542
97	543
39	254
194	333
42	170
6	222
87	212
188	213
310	544
67	442
74	388
22	90
210	433
125	222
372	488
349	545
262	501
197	369
64	206
117	182
1	467
256	290
502	546
48	49
90	249
12	180
163	339
283	529
199	216
454	547
62	69
116	180
86	104
13	140
138	435
409	524
29	548
110	535
372	454
259	483
110	222
68	209
434	444
226	549
91	495
37	369
2	548
192	543
125	533
341	391
315	550
402	511
257	356
156	205
262	394
185	404
189	389
66	551
99	179
60	447
33	165
283	321
144	377
217	552
80	408
105	439
422	460
52	534
54	532
206	373
459	553
157	354
376	462
80	492
33	95
73	78
317	554
199	248
252	549
406	448
149	371
353	439
121	423
386	555
13	551
439	494
248	307
192	309
287	333
233	512
6	556
169	261
166	325
206	556
10	330
395	484
401	415
438	557
337	508
114	177
173	372
175	536
378	473
177	558
327	501
109	333
175	182
337	487
471	480
154	383
26	559
54	135
97	433
391	469
22	386
440	526
368	412
120	560
241	543
367	490
237	240
36	547
117	125
93	121
446	561
253	527
79	143
236	500
130	233
303	502
53	76
124	562
286	415
3	445
279	547
155	332
226	504
22	122
58	563
13	33
337	405
3	548
178	308
357	477
288	330
101	564
66	283
144	492
49	307
350	363
155	561
150	167
523	565
142	221
152	191
94	334
210	273
269	290
70	93
97	566
180	251
222	368
340	381
195	318
235	543
206	282
36	567
340	369
199	461
113	191
219	369
23	523
35	279
260	568
7	212
204	372
214	499
190	535
162	397
415	569
50	117
272	390
44	559
466	525
30	373
100	372
459	570
4	449
203	294
50	207
23	121
324	556
62	365
280	571
87	273
332	515
234	317
42	102
277	484
237	311
147	572
282	493
69	385
5	91
298	401
110	483
80	383
23	573
280	340
155	156
190	465
389	423
203	303
341	364
42	574
12	339
352	559
287	431
62	83
9	282
398	436
243	575
240	266
179	277
410	426
271	526
33	64
556	576
432	453
191	212
26	227
91	534
424	558
161	196
457	577
206	335
42	508
256	439
195	563
159	440
93	550
174	578
75	134
491	530
5	54
38	91
454	524
36	579
98	106
295	537
246	575
146	320
212	245
215	325
25	580
232	328
169	527
65	408
127	512
438	543
10	177
357	581
383	452
184	428
65	364
462	537
56	265
148	243
430	582
119	182
246	378
180	344
316	330
287	311
233	308
16	583
68	251
99	338
38	307
20	32
307	478
332	584
161	260
226	416
369	410
326	554
76	437
128	313
497	585
180	261
78	398
48	252
195	383
95	472
195	522
1	586
270	438
392	465
123	224
229	534
310	356
106	368
461	587
341	454
87	239
81	170
201	382
10	179
85	95
497	588
285	327
487	509
306	363
150	434
512	564
451	581
542	589
371	539
333	431
209	278
6	440
226	460
28	191
412	590
227	294
217	265
144	408
142	329
353	424
214	434
382	591
86	492
110	586
173	200
231	249
331	526
190	371
343	592
220	317
275	411
211	426
149	535
247	572
175	198
189	593
288	388
230	264
88	96
76	82
175	214
148	369
227	594
397	539
444	520
311	441
97	120
316	415
431	583
272	595
265	306
237	441
54	408
43	315
504	519
246	573
412	596
76	104
81	183
127	246
309	433
85	110
408	532
399	597
13	17
4	333
431	530
253	561
260	586
165	439
346	598
30	315
173	232
104	281
181	236
197	410
17	599
324	412
43	244
153	422
143	510
76	142
252	334
424	600
306	357
98	492
166	193
26	407
95	176
306	477
108	601
50	182
379	509
99	408
16	333
80	364
105	477
208	602
378	412
201	319
396	592
105	335
376	537
368	556
371	603
132	314
110	471
27	304
497	569
278	289
121	180
64	604
111	262
295	528
39	443
366	398
72	524
70	360
581	605
175	434
200	240
192	488
166	344
63	517
30	84
443	606
118	321
181	189
60	416
84	332
157	482
77	182
361	607
178	289
466	508
35	337
53	437
2	348
128	201
346	608
184	504
148	320
28	100
540	602
419	511
62	118
532	609
220	334
481	595
274	338
125	587
69	456
77	81
31	610
67	83
172	490
204	567
77	539
441	488
1	133
407	611
284	599
323	452
212	309
178	184
418	525
143	403
101	612
111	520
80	213
385	442
305	607
212	558
445	610
19	613
169	419
5	53
476	493
292	579
19	113
172	398
610	614
69	451
9	106
122	294
185	518
235	509
561	580
555	615
95	129
311	488
166	224
96	172
163	299
17	616
39	352
71	196
323	387
91	440
300	542
312	493
300	617
194	291
253	263
138	341
217	363
53	92
244	338
47	618
285	459
89	217
247	469
467	534
351	558
122	180
409	619
318	338
9	616
281	321
90	545
93	96
134	532
561	620
146	462
130	215
8	90
485	506
321	425
306	308
34	621
271	439
287	528
540	607
240	571
256	429
448	476
342	622
123	303
403	428
590	596
136	156
83	110
37	100
121	623
168	235
68	114
55	146
419	422
377	421
60	478
270	624
225	270
446	620
165	203
22	333
13	179
242	502
28	625
159	534
102	320
34	365
9	63
18	267
7	320
8	626
13	68
330	506
496	598
131	240
276	602
13	51
303	627
356	605
352	407
301	327
81	300
361	381
39	383
16	628
81	138
161	336
285	325
477	581
211	277
385	539
389	629
89	190
110	191
67	213
331	520
508	574
271	480
321	630
90	299
163	320
277	598
358	456
14	320
85	439
190	631
500	506
128	267
355	534
1	161
123	294
425	444
286	632
33	545
92	121
33	149
157	220
224	312
9	158
567	633
460	504
202	485
236	369
537	603
26	593
228	389
174	634
40	256
368	440
35	134
17	254
85	515
523	635
144	170
227	283
248	381
70	201
164	508
306	370
44	636
109	120
62	73
339	393
164	574
222	281
58	208
218	637
206	490
386	615
345	496
159	259
222	502
553	570
564	638
131	320
13	545
229	586
166	275
176	247
153	231
342	639
111	216
364	408
64	138
529	627
44	500
244	315
520	640
144	626
492	532
312	538
290	437
238	476
40	170
525	641
22	574
437	503
89	265
512	638
268	515
162	642
102	170
6	78
9	102
128	266
352	379
246	473
51	643
51	493
102	462
39	156
211	495
554	626
58	237
618	644
467	495
340	410
425	630
245	558
338	546
157	355
457	645
436	611
63	527
340	540
251	261
295	320
25	102
145	646
414	500
292	428
622	639
7	399
317	484
401	489
174	647
469	510
90	191
177	309
57	275
33	464
254	616
283	648
173	357
265	308
148	462
444	630
16	455
218	333
568	649
69	539
567	579
329	642
245	270
223	361
26	542
514	650
50	135
228	553
55	225
222	546
127	326
291	351
356	651
200	376
136	256
169	464
142	222
90	245
60	634
629	652
168	517
205	295
210	351
156	184
75	338
368	576
108	653
131	205
129	643
40	129
194	484
61	409
294	594
136	654
122	488
166	234
321	342
149	153
204	564
102	288
278	655
33	575
402	553
90	357
350	370
103	214
289	383
70	656
154	594
250	402
14	264
30	247
221	265
210	438
382	657
216	418
177	241
226	305
161	166
359	655
416	549
185	658
267	389
49	305
14	388
193	208
155	520
31	659
460	519
14	75
52	62
211	578
37	212
11	285
569	660
124	138
15	168
158	631
487	550
122	559
456	462
561	661
526	640
150	308
441	506
204	512
119	350
284	438
44	662
269	342
197	272
343	538
171	613
110	573
91	116
326	663
23	25
384	602
97	438
153	464
392	576
61	190
466	664
207	419
84	526
175	499
319	448
33	245
311	345
419	665
9	132
278	396
33	291
375	423
320	528
304	432
292	666
83	407
113	120
73	194
352	606
26	599
404	666
606	667
136	246
161	325
397	512
381	555
445	614
389	668
110	193
159	586
249	479
302	440
98	377
265	269
42	669
60	78
261	276
64	484
315	610
242	594
580	620
216	670
133	358
15	249
17	70
85	522
237	580
327	671
69	91
11	304
101	638
93	349
397	634
85	653
359	672
132	191
230	234
415	660
22	591
125	576
45	654
199	673
355	590
215	585
578	634
636	662
96	618
27	549
41	674
326	655
73	174
400	407
77	292
205	236
323	559
428	675
18	118
291	615
176	618
301	304
188	392
90	516
112	676
97	297
232	469
307	549
190	617
41	107
489	677
65	492
245	391
34	415
2	327
153	430
150	346
326	678
86	361
401	677
185	454
414	575
375	429
465	617
366	679
49	416
157	189
210	543
103	118
90	534
21	78
164	680
332	343
50	150
5	93
266	571
48	386
126	681
44	669
320	632
64	391
280	376
8	38
51	442
424	682
393	507
527	649
15	259
157	161
3	128
137	231
166	683
422	665
3	614
111	263
58	122
12	181
44	574
26	684
265	499
259	534
127	282
138	441
133	174
70	572
467	685
237	333
183	529
502	529
413	467
333	449
296	406
634	686
116	398
383	443
163	369
57	215
318	383
536	687
277	441
216	217
28	87
154	303
467	590
226	262
364	688
286	489
34	137
371	532
52	559
125	268
235	242
228	689
158	465
233	388
171	567
302	519
308	357
232	510
573	690
114	241
185	666
1	495
98	688
664	684
287	441
475	691
34	421
250	339
13	385
187	670
186	305
161	431
192	692
150	162
555	655
103	115
133	283
41	93
55	322
188	693
243	369
389	652
56	178
22	104
203	676
169	422
94	694
449	465
58	261
232	355
75	288
272	691
647	695
116	121
18	110
118	126
378	590
273	558
208	696
197	289
163	197
165	520
600	682
224	269
179	237
275	697
86	616
334	482
134	492
228	264
129	627
145	335
557	698
219	362
246	387
59	216
34	372
268	303
438	698
278	699
204	350
175	195
42	129
293	609
424	538
4	38
199	700
211	291
53	344
102	369
120	134
9	160
480	607
681	701
91	467
250	393
295	502
536	642
201	476
681	685
98	702
348	426
102	376
440	609
279	292
82	390
449	693
484	703
371	465
137	216
80	688
127	613
1	88
123	383
69	704
114	584
69	78
240	358
142	457
112	156
582	659
175	705
125	437
23	375
117	444
2	297
318	401
64	349
508	706
33	48
441	670
208	267
599	684
277	369
495	586
102	707
440	467
44	466
131	632
612	638
310	541
3	708
241	245
130	180
166	456
319	491
201	202
25	320
78	709
161	180
69	517
227	648
23	690
232	391
42	312
532	710
3	224
251	260
181	234
298	390
300	589
150	271
484	711
8	609
370	408
153	710
629	668
673	700
122	711
315	712
23	563
418	641
417	590
22	344
198	705
140	187
23	713
101	567
9	69
41	126
340	341
693	708
291	519
623	714
197	209
396	655
307	498
363	586
119	142
226	607
367	715
116	559
164	337
206	267
300	557
417	596
212	557
648	716
81	181
194	306
407	625
103	301
123	126
248	647
568	717
16	237
5	187
50	292
114	351
82	165
106	534
392	718
136	384
324	590
311	347
475	491
478	549
94	180
53	719
353	520
149	449
21	190
280	456
61	245
392	535
417	720
103	342
259	284
355	429
9	251
146	200
101	621
380	721
34	73
143	175
125	177
278	592
317	354
69	245
17	722
20	308
40	545
279	290
202	508
400	681
142	504
469	723
146	286
101	341
68	72
209	350
267	371
195	643
470	724
255	400
10	135
59	285
387	559
507	681
222	556
398	725
86	626
31	106
614	708
179	217
277	488
641	726
211	634
284	597
523	690
166	402
34	612
227	559
73	727
191	328
223	607
591	657
443	452
279	392
133	571
11	728
379	606
324	502
268	648
433	599
3	9
334	671
285	729
262	406
225	707
140	492
296	457
117	119
488	703
89	730
36	512
224	696
246	247
338	465
404	574
4	321
452	731
35	133
443	667
291	426
207	209
33	110
599	616
606	732
291	329
1	94
216	727
106	596
260	339
54	688
152	733
25	230
14	54
1	118
213	371
165	728
177	734
308	581
394	590
540	696
218	484
105	317
447	551
240	735
460	461
176	201
321	345
200	205
208	237
11	525
597	736
29	632
112	122
197	338
304	346
572	656
317	573
613	737
473	596
81	514
510	522
112	283
12	234
203	383
311	738
86	133
7	245
408	688
278	383
425	496
144	532
113	739
92	562
108	520
2	112
155	515
288	441
7	191
172	740
82	516
57	220
415	604
663	678
351	421
321	741
501	671
259	399
198	547
146	580
287	337
83	254
363	742
145	654
125	270
146	542
309	491
73	421
252	606
496	743
354	554
41	156
295	548
252	386
283	581
325	683
288	744
236	272
162	225
122	135
75	636
83	554
36	530
716	745
275	423
585	588
53	265
5	358
296	448
248	361
331	746
176	328
63	620
276	713
5	72
40	238
512	567
61	747
173	612
377	532
479	671
167	227
496	608
606	653
394	748
244	465
312	508
216	427
453	648
649	717
183	242
654	749
82	383
172	610
143	184
2	680
509	606
235	369
353	750
70	391
366	531
642	687
269	428
127	737
155	351
48	751
495	685
66	207
473	575
95	310
165	246
361	711
665	752
115	222
118	306
332	520
110	702
49	589
290	321
205	753
217	308
90	298
259	433
81	199
267	718
20	606
305	754
4	184
15	47
471	623
209	343
173	585
113	192
611	755
266	367
370	477
124	234
94	220
251	713
466	487
515	756
351	417
46	671
4	273
205	391
38	109
515	728
581	757
8	253
236	415
275	554
45	749
343	520
382	717
88	758
185	262
18	449
389	553
284	736
343	444
275	528
735	759
81	673
13	529
4	19
309	557
72	245
362	548
52	760
28	152
393	568
477	757
228	317
237	424
13	101
167	761
266	401
22	680
103	271
576	617
187	671
302	642
570	762
442	539
129	484
116	181
16	314
138	409
45	73
24	763
432	515
219	456
505	625
170	514
481	691
473	764
131	291
141	456
229	312
84	750
433	624
569	588
603	765
33	665
541	713
10	447
148	266
407	739
90	322
191	766
28	210
2	270
209	265
42	166
196	354
171	355
347	767
136	749
25	200
64	232
149	211
28	733
319	450
399	768
215	234
193	540
352	611
26	523
47	644
200	769
138	340
347	441
69	596
186	223
53	434
1	103
349	770
199	535
492	567
230	268
315	366
245	754
369	771
140	364
52	234
311	767
207	642
67	80
87	191
13	772
135	460
6	200
203	254
108	146
24	311
257	651
709	773
371	542
110	509
176	232
8	13
564	567
5	87
216	774
133	225
68	317
471	571
11	601
240	277
182	195
520	775
51	156
523	593
300	351
513	562
6	632
102	485
470	776
602	713
188	371
134	674
105	163
52	751
187	270
766	777
87	414
215	334
95	572
152	409
70	330
211	440
362	778
326	672
87	309
133	362
204	612
518	658
66	549
595	779
2	17
85	449
4	447
60	498
285	727
313	382
359	780
33	284
39	616
259	558
83	133
85	673
652	781
175	642
222	590
448	490
579	633
395	431
423	629
55	782
290	630
86	342
60	88
112	268
165	584
51	391
558	783
270	273
64	73
156	195
602	696
229	302
381	634
4	784
68	455
259	736
116	523
1	760
12	704
401	571
329	785
333	435
181	439
268	332
208	234
419	430
384	749
494	786
342	758
93	172
177	270
508	664
280	735
459	762
780	787
487	662
96	126
290	355
58	384
513	652
298	362
474	788
114	566
195	449
211	427
99	626
215	459
146	660
657	789
121	161
189	525
210	284
299	355
7	766
118	342
387	790
559	599
500	669
204	341
184	302
449	484
535	631
535	791
156	222
183	254
315	531
9	261
465	535
523	573
37	792
266	415
694	775
107	628
81	617
548	632
188	654
390	793
527	727
100	498
452	665
16	584
206	238
349	500
6	794
91	685
475	530
160	226
316	506
284	391
233	367
504	795
140	408
225	272
12	568
88	184
43	176
263	421
281	796
13	37
531	550
467	760
9	216
130	261
72	212
210	797
33	221
305	469
331	480
322	380
2	466
103	289
587	798
25	528
164	774
434	705
300	371
112	681
94	121
362	799
253	620
332	480
424	750
80	532
61	239
131	237
234	800
229	685
481	530
461	742
7	777
10	120
105	757
57	801
94	215
243	277
269	705
9	244
92	532
459	788
525	802
505	619
522	643
46	91
80	609
109	177
465	589
671	803
212	783
2	222
4	332
426	615
394	479
341	377
494	804
275	375
287	484
195	298
527	620
134	154
247	723
146	805
24	768
194	395
400	559
233	638
415	745
421	501
749	806
205	320
607	649
17	95
413	641
356	541
622	758
723	807
198	343
70	257
558	682
59	574
164	487
535	718
237	808
96	116
73	671
148	410
268	383
439	520
73	434
152	809
31	319
112	594
494	520
291	295
2	215
339	523
592	810
626	742
42	337
128	315
256	651
19	267
68	121
525	811
660	805
234	384
288	492
419	590
22	466
508	554
435	812
16	352
48	106
116	196
43	57
64	435
75	763
294	813
291	299
410	753
276	523
125	152
305	514
633	662
316	814
82	533
307	386
542	685
132	328
162	482
83	469
22	815
252	381
394	501
430	716
150	345
106	330
522	723
457	816
261	384
299	762
672	678
365	612
208	389
159	204
184	817
412	556
471	817
357	437
164	706
412	576
137	818
508	797
412	704
291	528
55	105
459	497
393	482
253	819
178	486
468	814
248	695
156	315
283	400
224	820
224	275
329	397
81	121
553	668
387	599
191	723
274	821
13	260
53	363
65	703
89	773
79	420
513	781
1	822
518	527
433	543
203	288
289	342
627	643
9	302
658	823
371	765
83	284
348	639
14	125
223	647
673	752
465	824
1	513
645	816
424	576
334	682
389	781
30	64
739	825
335	439
275	689
135	142
98	383
169	430
119	477
105	826
233	613
68	196
184	440
257	436
383	516
517	595
683	827
23	157
680	815
179	754
495	793
15	216
48	63
799	828
48	384
128	247
364	492
333	817
516	533
396	699
565	829
143	467
583	628
324	378
131	267
141	333
314	379
133	830
284	375
269	403
49	263
272	299
336	593
494	526
148	831
365	504
12	85
465	693
416	703
662	688
500	575
253	832
330	468
601	653
296	816
183	502
35	508
142	833
250	424
56	222
480	584
76	88
9	473
432	648
230	834
15	285
291	474
74	340
291	362
117	796
49	322
533	835
352	387
60	386
126	161
219	405
260	317
528	836
327	527
399	483
574	664
139	364
195	784
288	415
714	837
330	814
36	621
406	665
38	189
629	781
138	187
622	838
196	317
196	482
186	381
169	665
49	252
157	568
289	839
450	476
591	789
105	109
110	404
117	269
376	528
202	840
75	108
337	528
67	202
403	673
362	390
13	467
179	841
243	488
16	423
78	564
139	408
1	362
112	135
607	842
104	470
240	320
416	447
521	703
392	713
291	658
141	843
9	578
125	327
223	305
130	375
8	73
180	375
793	844
395	703
291	772
133	760
156	201
635	690
389	696
183	845
288	753
362	401
168	304
278	810
261	375
364	702
35	846
534	685
109	212
460	587
1	401
169	752
11	43
320	847
358	376
144	211
756	771
125	388
206	244
523	563
259	848
195	536
58	121
136	244
407	755
595	691
90	798
276	849
395	488
440	534
84	439
574	778
540	649
141	670
371	850
31	643
430	752
291	536
81	700
110	705
464	710
189	851
253	661
313	591
235	255
33	752
325	409
114	210
167	852
310	472
73	231
86	408
418	726
185	524
166	455
816	853
464	752
109	792
494	827
639	838
62	142
342	492
436	854
61	270
258	365
440	763
99	492
252	615
199	371
564	855
390	495
570	668
434	519
138	610
140	440
378	794
389	856
38	584
169	582
210	733
422	752
478	551
298	318
651	857
582	712
11	423
601	728
173	547
148	299
458	772
393	858
395	521
231	235
36	455
44	632
137	285
132	502
526	859
180	276
530	691
13	279
98	127
97	245
701	860
266	662
662	669
2	628
275	662
276	455
582	743
858	861
12	255
606	611
246	417
90	784
152	494
159	372
375	862
19	63
141	547
164	538
243	840
34	512
216	239
687	863
554	663
322	437
201	469
103	332
689	812
392	824
684	864
23	275
94	276
247	328
325	344
490	591
4	520
88	865
361	647
245	625
192	438
664	706
170	211
437	477
209	866
224	261
57	133
221	631
195	745
74	489
85	226
539	867
152	598
802	811
152	650
52	189
648	745
222	619
392	868
347	431
385	545
81	371
252	305
338	772
724	776
753	869
357	363
377	547
362	426
8	408
321	503
299	332
702	870
222	265
524	619
44	272
164	815
138	347
567	613
456	871
18	443
105	347
10	381
667	732
498	634
78	725
626	872
348	838
385	517
325	729
224	403
577	645
402	459
190	873
47	614
350	357
1	2
693	824
193	429
4	761
307	874
237	380
90	653
74	174
39	684
128	328
273	783
20	875
549	551
152	212
11	332
135	350
111	125
269	321
42	876
26	292
4	30
97	591
42	446
412	794
86	364
273	877
158	287
91	500
652	668
434	741
454	455
650	685
762	878
145	238
28	399
507	685
125	772
67	651
252	577
225	879
286	340
9	483
284	698
154	722
353	378
538	682
317	880
354	513
48	568
714	720
36	473
579	582
118	308
516	881
207	338
824	868
786	804
312	327
63	231
13	46
449	882
431	488
137	671
556	590
11	135
173	389
42	64
321	883
27	607
5	357
536	563
370	585
129	283
110	508
386	884
183	627
300	535
747	837
578	686
82	881
22	862
557	885
97	524
238	436
147	545
484	819
162	434
180	234
533	886
83	460
100	121
107	110
82	793
465	850
248	615
841	887
370	451
39	248
363	403
177	210
324	417
188	212
195	888
50	225
121	189
331	343
82	283
426	430
370	581
226	889
422	600
110	282
416	634
248	700
370	688
91	688
280	890
541	544
178	279
582	665
629	696
45	644
78	773
798	891
237	395
402	746
34	236
718	868
444	496
80	92
849	892
453	716
277	423
272	707
38	125
487	559
271	750
63	893
297	800
211	332
609	710
384	392
25	205
819	842
629	894
447	549
495	760
170	191
42	128
309	351
47	283
688	895
457	793
464	582
56	86
9	334
166	317
104	184
384	896
472	544
590	685
29	847
794	880
319	469
284	312
81	897
260	424
398	878
82	186
161	586
163	847
76	214
136	898
491	557
234	423
221	278
40	320
636	669
345	630
45	899
367	406
696	820
50	222
9	539
282	448
54	760
821	900
208	261
184	301
187	231
141	900
57	90
309	766
560	901
275	354
313	367
127	625
172	493
510	723
483	848
402	902
556	597
415	468
122	627
480	526
510	643
681	860
421	903
83	830
232	522
579	665
259	363
23	496
99	213
764	904
18	90
129	156
582	752
452	599
195	602
819	841
620	905
9	339
86	118
115	363
123	254
121	215
345	414
542	906
235	294
234	762
98	408
198	552
356	544
640	775
679	907
47	226
160	208
179	431
233	621
540	717
9	634
101	908
360	472
335	545
250	459
33	582
40	770
592	909
54	839
461	504
21	886
21	187
9	254
65	400
506	910
367	469
201	222
296	853
713	849
33	483
520	653
885	911
339	482
110	651
761	852
596	704
765	850
352	400
841	912
100	690
121	673
88	104
91	418
362	828
31	38
744	913
93	469
102	362
454	695
105	237
112	852
465	914
532	557
513	629
426	676
286	793
2	838
205	888
502	915
101	339
426	752
409	514
246	368
377	492
812	828
570	916
220	516
213	392
15	237
90	624
125	300
26	100
660	917
78	170
655	672
376	410
186	647
6	525
127	465
89	918
65	532
303	755
481	779
343	810
44	101
261	389
437	919
356	857
146	219
193	224
137	501
287	488
397	742
8	920
228	696
485	910
75	534
669	876
58	147
776	921
195	586
805	917
131	358
16	808
141	613
355	419
421	922
204	855
471	750
200	358
326	396
626	828
554	706
53	923
147	758
176	266
86	377
365	461
290	705
330	414
642	924
134	626
451	596
238	457
13	393
468	506
263	285
150	925
308	552
416	521
74	320
269	350
249	446
589	906
765	926
388	506
887	912
460	485
163	236
429	540
7	792
673	927
67	535
742	872
351	438
614	644
468	910
896	928
49	615
642	785
307	555
83	706
182	348
145	406
474	929
50	153
34	454
593	851
59	774
693	868
472	656
348	930
218	711
176	282
171	737
203	716
457	853
323	751
220	931
35	245
263	436
90	589
668	781
355	440
158	535
662	932
85	334
83	815
220	800
559	648
728	756
553	652
273	933
691	707
79	363
176	469
459	585
434	727
258	934
603	850
266	388
97	313
102	632
113	825
5	113
74	935
83	797
207	722
519	789
380	705
120	901
36	341
473	936
145	232
159	760
411	697
331	767
377	764
430	453
211	937
396	672
274	877
328	338
700	927
777	792
83	466
78	938
126	358
110	481
217	304
115	190
628	808
573	880
356	939
16	441
663	672
17	397
231	285
35	574
864	940
21	471
92	215
645	853
113	747
38	49
781	856
855	941
724	921
64	545
166	827
139	702
95	116
264	318
841	942
543	624
305	615
203	755
220	250
331	750
479	803
113	943
179	808
84	331
296	335
235	311
159	685
634	679
22	944
393	717
155	584
60	305
190	680
85	347
195	511
485	945
166	180
29	90
263	366
29	330
226	618
687	911
156	946
39	77
329	687
101	579
741	883
72	825
587	891
430	947
12	215
116	694
124	336
626	862
368	590
544	857
558	948
242	255
69	827
110	454
179	484
44	475
370	437
667	949
344	456
263	413
156	674
239	783
808	841
336	713
397	950
846	902
424	459
92	690
417	576
3	129
489	571
420	951
29	200
125	224
47	256
72	215
339	424
546	952
564	941
42	724
120	210
470	921
232	290
637	848
392	953
420	914
112	453
665	883
451	757
211	338
6	830
113	954
569	758
90	224
4	596
81	502
110	506
85	688
575	955
588	758
418	811
609	920
599	664
760	822
240	629
60	956
524	566
90	139
288	913
22	876
158	371
182	930
818	957
411	851
497	570
209	642
448	493
322	721
368	786
59	958
12	250
279	326
530	779
80	702
392	920
331	859
411	959
159	763
100	307
246	749
4	503
359	663
290	357
180	960
1	440
611	667
587	742
42	367
628	838
169	526
543	961
67	199
66	722
106	576
861	882
90	308
494	584
534	962
103	551
85	255
103	442
498	686
196	261
172	369
855	963
305	478
83	662
801	943
685	763
92	497
228	250
315	964
317	455
248	386
195	840
291	866
788	888
72	483
76	965
242	303
698	885
148	489
98	532
632	847
16	311
897	966
99	754
214	342
90	888
130	224
381	447
408	895
74	967
114	309
805	893
590	887
13	199
107	238
586	968
6	590
110	575
445	531
173	370
630	883
826	870
529	969
400	701
278	909
824	850
79	428
318	481
537	548
713	970
103	639
276	325
6	128
378	417
192	399
611	949
287	971
872	882
399	543
211	763
849	937
40	156
788	929
543	972
154	379
261	473
393	861
904	966
149	300
243	735
160	973
541	605
810	909
12	222
452	516
63	832
19	737
793	974
52	283
156	495
549	607
80	222
641	802
455	554
264	975
93	269
342	345
176	296
98	190
376	571
49	138
166	976
472	572
208	423
313	789
555	816
173	512
804	957
432	977
620	727
720	812
50	271
377	702
163	439
280	489
51	978
61	901
663	780
140	626
195	218
531	614
162	394
46	979
167	616
100	189
33	818
274	639
72	231
115	184
90	980
736	848
270	341
15	361
222	432
345	981
140	702
282	406
110	675
540	736
241	476
648	977
628	982
448	968
235	961
932	941
259	397
138	897
176	313
185	983
149	542
246	596
112	860
138	514
501	590
31	373
493	984
855	964
452	606
519	587
66	252
92	229
13	139
241	985
445	772
210	652
573	593
802	970
314	616
298	530
597	986
169	297
74	165
275	629
190	603
299	831
373	987
553	902
549	555
197	415
523	829
462	485
241	284
514	988
250	497
242	301
33	430
201	241
126	420
316	537
825	989
239	241
851	959
217	350
812	923
713	738
407	508
107	990
13	71
141	431
564	633
305	319
102	109
353	502
631	991
344	960
478	874
105	287
90	338
355	685
71	682
30	992
317	689
614	618
202	330
16	711
44	508
125	835
542	993
271	773
137	903
186	695
472	541
391	472
141	454
65	994
139	377
496	630
468	745
333	812
472	531
363	634
104	995
258	302
110	812
378	576
24	40
70	226
6	151
420	996
341	790
505	514
344	976
235	379
418	727
57	250
508	997
376	884
35	792
661	832
528	537
13	710
906	993
501	998
126	616
754	790
576	596
222	476
281	444
291	713
51	999
211	467
482	682
520	746
547	613
389	820
90	625
729	1000
295	967
251	375
736	986
545	770
188	221
527	819
6	259
488	659
93	328
82	123
1	751
15	421
396	909
431	637
650	733
257	299
241	751
381	416
483	634
113	985
141	713
284	797
364	834
586	760
139	221
550	805
74	272
262	304
635	879
75	467
242	400
222	412
467	510
141	908
249	263
38	386
197	439
452	751
366	472
3	404
462	528
63	768
426	665
232	266
678	780
147	234
541	572
71	166
44	664
128	261
77	254
252	667
86	768
18	979
205	338
187	818
233	341
227	320
23	285
142	357
297	391
433	848
343	705
354	497
251	970
312	520
87	560
344	459
98	359
162	741
664	669
488	642
382	853
54	492
7	597
237	538
250	344
259	309
428	666
473	576
331	353
266	336
179	552
435	441
195	837
201	328
18	500
125	256
333	826
91	937
633	638
726	811
4	170
365	496
312	466
762	916
403	434
621	908
302	365
57	180
188	823
262	285
489	831
492	971
569	664
951	996
589	653
554	672
35	100
104	776
104	539
325	402
37	410
26	268
191	245
518	893
7	120
33	710
138	738
98	912
755	949
41	96
297	880
29	53
52	550
183	636