12	21
1	21
1	22
17	22
9	23
17	24
1	25
6	26
22	25
20	27
5	28
17	29
2	30
4	27
27	29
27	31
24	29
17	30
20	31
2	32
16	28
15	33
8	31
28	32
18	33
17	34
12	35
14	36
25	28
22	37
13	25
13	38
11	23
28	36
2	39
24	34
21	40
32	39
35	41
30	32
35	42
26	37
19	36
21	30
22	43
32	38
4	37
37	43
43	44
25	43
22	30
16	27
4	36
37	45
25	44
40	45
41	46
7	32
35	46
25	37
44	47
21	35
15	48
8	36
1	43
22	44
36	49
33	36
24	33
19	33
40	50
8	28
21	50
35	51
29	34
5	32
43	45
2	26
18	52
29	33
27	28
20	22
19	29
42	51
38	53
28	41
4	49
28	29
48	54
28	55
2	23
19	39
16	41
4	28
12	51
23	56
9	56
8	52
8	41
26	30
7	30
39	57
21	36
44	45
23	41
25	47
8	25
17	58
18	29
22	45
24	58
19	59
35	40
36	38
12	42
7	60
14	49
27	48
26	53
13	37
12	61
17	27
26	38
40	42
32	57
7	62
21	42
16	35
52	63
22	27
16	63
8	64
51	61
5	55
38	49
61	65
23	38
36	64
51	65
7	66
33	52
29	48
5	16
18	67
3	36
41	51
44	68
11	64
15	26
62	66
10	26
5	69
4	60
54	64
34	58
16	25
3	70
19	23
30	57
52	67
20	71
43	47
26	32
12	16
38	72
42	61
1	16
28	69
16	17
34	48
17	73
10	15
25	55
17	37
2	11
8	11
64	74
40	44
27	56
4	38
31	75
13	53
26	74
15	54
34	76
30	42
8	33
46	51
12	41
61	77
21	51
31	41
43	68
31	59
1	78
9	41
29	58
16	22
2	57
14	32
63	67
54	79
40	51
8	74
55	69
55	63
27	57
4	43
36	80
60	62
15	79
53	71
14	38
38	81
21	26
4	72
22	78
66	71
17	82
21	61
49	60
2	38
3	83
15	34
1	44
4	52
60	66
53	81
72	84
4	69
46	65
11	74
72	81
67	85
22	68
70	83
33	79
23	50
33	54
3	34
59	86
26	28
18	63
5	30
33	48
35	61
3	87
3	14
25	45
29	31
8	16
42	67
87	88
11	36
13	17
58	76
70	87
23	31
27	89
23	82
11	38
20	89
38	84
42	72
44	90
73	82
70	88
18	85
29	73
9	26
30	91
19	86
29	82
47	80
36	92
20	75
57	91
63	85
31	74
34	93
23	81
22	90
35	72
14	81
83	88
80	94
10	21
42	46
36	94
48	79
1	40
8	95
58	73
3	88
24	82
67	78
22	96
9	32
25	26
92	94
17	26
59	97
12	72
25	38
49	69
20	45
81	98
79	81
29	76
51	77
12	50
82	99
64	80
23	36
38	98
17	99
6	100
23	94
58	99
74	95
53	84
40	61
1	20
85	101
3	64
62	93
24	28
12	40
21	77
91	102
80	92
30	39
27	75
14	92
64	95
29	99
66	103
65	77
52	95
8	12
14	94
25	81
2	104
49	80
57	104
31	71
60	103
62	103
78	105
52	85
29	93
41	61
19	48
36	106
75	87
57	102
50	51
32	107
26	84
19	56
17	93
10	40
94	108
1	37
2	102
7	103
19	80
89	109
12	46
67	101
63	69
14	80
40	41
109	110
18	101
79	100
77	97
35	60
11	41
5	111
13	16
31	57
92	108
46	61
39	104
13	112
19	100
58	82
38	112
7	54
80	108
83	113
11	95
42	56
26	92
89	100
37	44
24	114
71	89
21	65
8	32
81	94
52	74
26	100
94	115
95	98
1	35
58	93
36	115
81	84
35	65
71	116
13	73
75	89
39	107
88	117
28	68
37	100
23	24
9	15
30	58
67	118
47	62
12	65
55	111
78	79
94	99
41	119
51	119
89	116
56	59
31	116
65	120
50	61
21	67
16	75
31	121
52	101
24	99
16	64
15	29
83	122
4	100
14	108
54	71
18	93
111	123
37	47
100	109
13	81
60	72
46	77
80	119
22	124
25	68
39	91
19	94
18	58
47	90
49	94
49	125
37	96
2	107
4	17
32	110
69	111
36	108
10	126
2	91
4	81
15	64
50	77
103	124
72	127
29	114
49	92
27	71
42	65
95	128
14	125
36	95
32	42
23	121
25	96
89	129
109	116
76	114
16	20
106	108
22	47
72	130
70	122
81	114
66	124
1	89
16	81
48	70
78	131
36	125
38	56
11	106
48	93
19	31
59	132
105	131
77	120
21	120
94	125
107	113
28	111
102	133
91	118
5	123
15	38
13	84
98	134
12	119
16	65
1	45
86	132
4	130
81	130
22	135
3	74
35	77
17	114
28	95
24	109
16	95
109	136
48	89
78	102
88	113
102	104
21	41
30	137
83	87
39	102
81	112
37	90
127	130
55	123
102	138
86	97
98	112
124	135
28	64
79	134
92	136
135	139
22	58
19	97
28	93
121	140
69	123
110	116
31	89
4	73
31	141
38	55
51	120
57	89
37	52
1	96
68	111
124	142
85	118
71	75
52	98
24	76
131	143
8	128
27	116
139	140
75	109
96	144
16	30
98	101
63	101
2	145
3	47
18	62
23	120
2	137
88	122
26	146
34	114
97	132
60	65
19	132
33	94
96	147
64	128
82	103
31	140
117	122
74	116
91	148
116	121
40	65
38	110
13	72
135	142
54	149
4	75
54	116
56	82
110	121
148	150
35	50
17	76
13	130
2	41
32	37
4	109
33	151
101	118
89	110
53	112
46	50
108	125
30	104
108	152
41	65
16	39
80	125
49	108
44	153
33	149
6	146
4	26
84	112
43	154
43	130
52	107
35	119
20	116
40	77
61	120
65	155
22	142
119	120
112	130
27	109
32	52
83	117
5	156
82	94
25	36
85	146
114	139
139	142
52	113
149	157
55	56
42	77
8	19
50	120
11	158
68	153
41	102
10	34
5	41
57	148
140	159
111	156
8	18
15	149
4	33
9	59
98	160
60	158
16	23
12	60
8	35
37	135
36	161
53	130
100	146
94	152
121	159
44	61
45	162
104	107
47	68
34	149
90	135
34	163
42	120
75	129
53	98
108	115
4	24
107	145
162	164
51	99
102	161
70	100
61	87
93	114
117	140
84	165
137	145
38	130
81	166
86	166
42	155
11	53
23	33
8	29
152	167
24	93
63	118
102	117
22	154
73	76
20	39
99	168
49	115
68	130
33	157
78	142
115	169
16	77
46	102
18	118
53	72
123	156
133	139
130	170
62	167
28	56
70	117
8	46
24	50
118	171
133	158
21	32
26	31
119	172
112	127
94	167
49	100
29	163
115	173
2	133
45	164
15	16
64	65
44	130
31	109
75	174
16	98
28	123
48	149
4	170
91	104
122	175
60	141
43	153
40	120
24	168
32	102
19	114
152	176
9	11
91	107
38	170
151	157
88	166
22	81
147	177
31	52
31	163
49	106
41	50
131	142
169	173
172	178
68	97
91	133
4	87
35	120
14	167
141	179
40	119
76	163
45	47
135	140
85	171
19	34
32	180
71	121
49	173
46	56
51	181
4	94
101	171
108	169
23	49
144	147
45	96
129	182
4	167
46	87
34	100
74	128
71	159
20	95
57	183
79	143
57	117
72	98
54	151
83	175
100	169
26	184
81	100
84	92
25	27
41	42
4	10
19	128
173	185
157	166
68	156
62	67
46	72
169	185
93	186
14	19
133	148
18	171
54	157
31	179
49	187
32	138
46	97
70	113
70	81
71	163
25	188
3	100
97	171
109	114
117	183
77	189
173	187
16	166
62	158
182	186
68	190
30	102
185	187
84	127
57	150
130	182
1	191
100	106
47	119
39	192
56	80
115	126
56	130
5	26
25	153
181	193
23	52
26	81
44	188
74	140
107	192
78	194
176	192
31	110
40	46
53	127
155	195
98	166
76	109
89	136
113	196
37	191
67	171
44	55
18	76
195	197
38	123
144	177
126	192
55	156
22	191
39	148
42	198
129	136
58	109
5	21
90	139
9	180
91	117
102	199
108	173
88	173
74	121
11	84
179	200
136	182
82	165
44	162
26	165
108	185
5	201
70	109
30	192
142	202
8	23
49	159
26	126
115	161
72	112
28	201
102	203
50	119
43	164
21	110
20	192
30	107
38	158
149	204
22	147
68	90
129	174
8	85
2	205
76	99
48	111
65	119
16	21
23	158
156	201
64	206
30	203
82	113
92	167
157	179
134	143
155	197
124	207
9	132
105	143
19	26
10	43
41	151
145	208
7	28
55	204
169	187
4	95
52	118
132	209
20	109
126	184
138	180
45	80
57	100
110	210
76	93
117	173
125	147
3	117
67	155
210	211
104	192
104	137
100	184
12	120
65	172
67	212
87	122
77	155
50	167
11	72
176	205
64	213
91	137
171	182
75	83
75	110
122	166
59	214
61	119
106	125
152	185
77	87
74	206
73	163
185	215
126	152
54	204
80	152
9	158
19	38
80	216
8	39
33	204
98	130
31	159
91	183
79	157
154	217
9	97
151	204
25	30
78	117
36	77
17	218
118	126
51	172
4	83
87	117
79	192
56	219
2	7
104	138
40	155
94	149
167	193
22	23
88	220
30	120
45	90
7	91
1	124
118	212
44	96
10	221
11	40
142	143
58	114
67	131
13	98
182	222
20	110
97	209
122	183
88	196
11	80
40	223
47	147
133	145
31	129
34	47
53	160
97	100
101	224
154	191
4	20
108	216
174	182
131	194
69	156
152	225
176	225
71	110
1	68
4	182
3	113
102	226
76	82
99	114
110	211
37	80
104	145
70	196
182	227
9	120
35	155
98	128
90	100
110	129
49	161
196	228
9	219
35	36
98	127
94	169
34	40
191	229
156	222
186	206
88	175
118	224
185	224
207	230
69	201
42	119
206	219
4	163
16	26
92	115
100	231
79	151
7	93
104	118
108	126
57	107
19	119
36	232
135	154
31	200
74	110
27	121
71	109
103	233
98	126
162	211
165	221
169	193
39	183
38	138
144	234
97	146
116	140
183	192
52	171
167	176
70	175
125	235
4	57
8	213
37	231
176	185
85	224
84	166
129	236
17	45
158	188
28	156
202	231
17	65
78	226
60	237
125	167
7	26
30	183
16	29
37	180
79	149
10	238
114	163
51	155
50	65
26	103
119	181
89	239
45	78
128	213
105	194
125	176
37	84
63	171
135	240
63	218
84	98
19	209
75	116
48	241
177	234
8	146
13	166
59	209
66	233
36	242
41	172
89	182
9	130
92	173
44	78
87	243
27	136
34	99
44	124
57	145
2	138
181	244
157	204
221	238
31	182
78	161
49	167
16	184
187	245
176	187
173	176
80	185
111	201
100	139
83	196
69	246
87	175
28	88
132	214
46	213
149	151
131	202
228	247
28	246
24	163
194	226
126	238
82	93
2	56
60	248
62	155
107	180
18	224
155	167
191	217
121	249
35	172
69	179
46	181
177	241
189	204
47	142
104	250
77	224
186	228
52	170
27	156
155	207
20	40
94	251
193	244
62	212
29	249
4	107
7	248
134	160
216	252
75	121
12	223
74	139
7	237
102	192
34	80
22	253
27	110
59	159
143	194
173	254
58	163
15	157
212	224
49	176
86	103
13	231
205	255
23	140
81	165
4	56
52	224
97	103
167	225
235	256
176	254
74	178
169	251
20	47
109	129
66	237
226	257
24	186
66	248
204	250
29	218
47	139
38	246
5	258
35	189
27	100
175	196
51	244
9	86
48	59
213	259
89	121
4	153
120	155
153	162
22	207
123	258
210	260
20	182
38	187
134	166
68	78
233	237
196	247
73	261
67	224
65	244
65	195
44	135
147	191
50	262
63	126
127	134
27	73
55	93
67	68
165	263
153	188
138	205
11	19
69	176
63	224
20	155
122	264
204	238
73	99
21	46
98	157
35	112
93	228
69	265
63	176
52	200
170	172
233	248
93	168
175	220
180	266
21	154
73	116
106	161
64	259
93	99
140	182
248	267
185	251
54	241
30	133
41	123
56	100
84	263
20	268
125	173
45	68
79	204
4	122
81	134
3	146
176	269
159	249
5	57
26	179
61	155
14	173
8	93
161	270
34	73
16	253
116	182
20	52
47	49
65	193
42	271
20	147
87	193
60	193
33	241
39	209
23	219
255	272
24	73
128	206
28	265
209	214
129	227
50	155
90	273
53	134
57	137
17	32
54	121
47	273
102	148
194	274
18	212
173	251
224	245
13	100
148	186
179	275
53	166
5	246
21	118
103	199
27	182
74	213
275	276
218	249
204	241
44	66
4	129
20	224
102	107
222	277
232	242
53	121
206	213
107	137
36	40
50	97
160	278
13	127
215	258
38	102
26	75
171	224
149	263
224	279
63	95
26	231
51	80
119	198
95	213
235	280
36	251
4	45
49	245
13	134
23	100
135	281
109	158
75	236
72	181
94	113
187	246
131	158
249	282
171	212
174	227
171	209
169	215
95	259
4	13
61	283
20	121
63	111
173	220
41	77
28	258
157	284
71	182
55	258
141	200
92	214
85	212
14	242
213	285
89	222
211	260
133	205
4	93
87	283
126	286
37	139
179	276
3	196
174	222
158	249
120	172
55	287
63	68
19	37
206	228
90	240
12	77
278	288
28	92
10	170
53	89
153	286
42	50
8	55
263	289
81	160
109	217
4	168
18	146
147	155
11	37
82	290
166	183
50	123
16	103
12	155
127	128
38	104
1	291
10	286
110	182
62	125
96	207
172	189
88	229
63	292
224	292
77	195
105	209
159	282
106	245
23	53
102	293
58	168
46	120
146	231
137	203
35	193
95	294
184	231
11	213
59	103
194	202
120	189
144	207
143	295
133	199
31	172
196	220
28	113
102	145
36	270
164	296
48	249
147	214
13	160
124	202
194	294
31	210
172	297
206	259
99	163
95	206
15	63
14	110
41	298
62	198
79	241
62	233
233	267
140	141
11	170
209	299
26	110
71	200
174	277
1	155
146	212
38	172
89	300
217	226
121	268
72	166
10	19
72	170
177	247
262	301
41	283
17	290
5	95
68	96
149	284
15	204
156	302
140	142
48	151
251	271
143	274
234	241
29	186
14	303
70	136
82	107
18	279
111	258
237	267
108	304
3	122
78	158
14	185
9	39
19	76
256	280
263	305
63	269
138	145
10	45
33	95
150	234
53	263
43	306
237	248
53	170
63	98
127	263
238	286
16	307
199	203
26	157
215	259
136	186
10	31
22	203
2	308
72	301
71	124
170	189
155	176
139	206
19	221
90	309
57	208
19	64
24	55
93	248
13	47
232	310
118	279
160	288
199	205
55	149
45	191
286	311
172	244
146	184
134	157
82	163
32	184
7	233
176	312
245	279
103	248
113	117
199	255
110	136
85	313
60	92
218	290
238	258
58	120
16	67
128	137
94	314
25	72
36	294
232	264
56	199
102	126
84	130
10	315
146	227
67	292
56	137
205	269
220	251
32	117
16	316
129	140
67	197
60	191
116	227
79	284
12	301
181	317
72	134
67	279
4	136
71	282
108	316
229	318
159	179
80	252
123	130
98	165
159	275
132	299
279	319
186	315
155	283
101	279
156	174
55	64
13	263
227	320
131	171
58	78
122	243
62	248
60	260
274	295
34	321
3	106
127	166
68	69
4	174
179	249
8	259
207	322
7	267
243	264
259	285
238	315
134	165
49	270
269	323
64	293
250	321
73	168
6	30
180	205
125	233
2	324
17	163
31	211
49	121
242	310
112	165
251	325
75	92
71	136
32	266
2	199
43	123
43	78
42	326
225	312
69	83
152	251
33	284
152	215
13	165
129	327
196	233
85	292
178	297
104	183
14	100
157	308
304	328
1	47
227	277
12	33
185	269
170	201
239	300
107	329
14	152
244	317
111	247
74	294
64	252
221	315
264	330
185	320
57	69
60	210
55	265
31	38
307	316
143	331
8	102
151	241
241	320
1	139
142	295
21	244
320	332
15	284
125	185
33	279
8	9
2	9
196	333
127	165
125	256
9	214
109	121
41	155
147	154
256	334
192	205
120	195
4	286
232	270
177	207
131	295
334	335
133	137
26	272
65	197
41	195
59	299
126	315
55	336
101	131
45	296
88	264
42	53
95	218
90	337
227	236
20	159
170	187
123	201
93	218
120	197
154	338
104	226
62	267
48	284
60	233
143	233
160	339
236	277
63	212
92	116
167	185
93	290
99	139
236	340
242	270
60	267
199	226
103	267
50	326
91	138
148	341
5	46
16	233
278	322
68	144
48	119
167	235
204	342
2	25
95	311
112	189
70	243
63	259
213	294
176	343
39	203
6	231
194	219
34	82
1	97
247	344
238	311
5	336
30	226
129	239
18	319
128	259
163	345
38	166
55	146
102	137
154	281
93	163
111	246
315	346
29	132
12	112
149	241
233	235
282	317
105	331
62	347
113	156
193	195
162	191
87	173
69	121
24	218
18	348
99	186
153	306
48	204
168	170
135	217
3	175
261	349
41	181
35	197
10	179
5	64
286	315
73	349
215	350
152	169
256	335
53	109
75	300
28	106
97	201
283	351
21	283
36	310
280	334
238	346
19	41
18	111
185	352
89	92
44	291
89	174
2	46
312	343
86	209
329	353
101	256
16	259
26	225
84	134
58	121
126	247
92	354
5	265
150	346
5	244
319	348
83	247
115	354
336	355
44	281
98	263
213	311
104	257
145	178
37	68
237	356
172	211
115	304
49	59
72	317
15	151
146	156
225	357
187	251
240	333
64	216
274	331
29	55
128	140
263	358
111	302
125	187
4	16
11	166
2	148
31	239
204	359
133	226
15	224
25	135
242	294
4	327
95	285
296	360
161	203
72	165
33	170
342	347
167	215
168	261
235	361
206	285
131	274
51	97
44	56
203	209
230	322
80	362
164	344
123	246
296	356
83	153
220	264
38	257
18	363
54	119
41	120
96	190
101	334
4	112
47	78
227	364
271	302
45	154
48	157
89	98
124	154
248	365
5	355
2	110
121	227
117	166
108	232
67	176
149	366
206	294
81	242
123	262
6	184
165	170
289	340
13	367
117	194
272	333
144	190
178	204
63	205
142	171
195	368
231	289
45	190
241	284
12	181
73	84
60	347
348	369
80	106
123	265
89	184
83	333
196	235
17	225
47	370
19	214
189	244
223	301
232	304
66	182
143	226
260	371
98	212
144	322
95	111
151	284
53	289
43	286
115	372
286	346
3	321
50	114
52	292
70	346
36	354
278	373
92	176
128	294
80	167
219	222
77	100
87	224
63	374
113	122
96	191
137	158
66	191
23	218
94	185
261	375
144	191
77	119
102	238
143	202
174	239
161	376
54	55
155	351
234	322
87	247
149	255
65	326
235	377
8	206
59	151
190	296
117	133
216	316
152	216
136	378
1	300
315	365
233	361
181	240
17	186
284	366
258	379
26	209
142	207
23	141
107	150
91	139
32	380
190	360
118	244
77	197
112	155
4	268
265	381
324	330
152	360
311	346
102	205
349	382
20	21
10	164
85	279
138	183
1	27
272	383
54	366
33	206
101	105
288	373
92	152
312	384
7	347
289	358
144	154
17	261
52	55
58	94
59	385
173	304
189	318
233	347
280	335
141	249
176	386
189	195
1	4
228	333
9	91
132	223
143	361
314	387
192	199
86	214
39	137
99	218
92	314
25	207
6	388
10	71
145	329
51	87
221	253
311	315
289	389
365	381
11	86
262	326
164	306
130	134
125	177
357	390
42	44
17	168
277	320
25	164
99	290
214	299
76	391
108	372
149	359
106	213
190	234
79	169
39	392
280	361
232	328
19	158
111	265
174	219
271	284
368	393
30	148
16	269
195	393
132	339
168	186
72	263
378	394
77	301
256	377
273	370
99	321
239	277
39	250
318	395
270	328
100	388
12	184
16	221
15	359
19	78
312	396
136	394
156	355
40	326
259	294
195	224
110	159
305	397
248	347
91	145
21	197
10	140
343	386
196	377
364	398
123	302
134	170
23	376
80	155
113	314
31	174
58	399
175	264
122	156
18	47
244	282
227	241
48	132
12	400
214	385
215	225
251	340
368	381
143	207
90	106
68	401
67	363
250	396
246	257
19	21
56	121
133	192
128	402
99	354
21	155
145	205
103	365
22	100
182	277
143	403
12	93
73	93
52	285
244	297
65	283
78	273
355	404
157	241
19	253
359	392
189	193
113	174
80	316
207	405
87	197
43	296
130	166
86	299
5	381
193	283
278	406
213	402
225	390
285	311
160	289
71	407
131	135
65	271
108	167
57	300
20	100
14	15
334	408
231	388
122	196
100	191
181	315
335	408
65	298
357	409
369	407
127	160
156	258
106	167
196	267
122	228
281	410
39	305
154	244
212	319
97	394
297	317
58	290
403	411
92	269
152	314
124	338
144	229
237	347
17	100
24	412
290	335
12	172
28	287
347	365
382	403
184	388
206	413
28	38
282	407
135	295
109	182
9	107
42	189
247	414
80	176
119	125
10	58
70	233
95	258
203	255
16	415
71	239
192	255
220	340
88	194
99	391
383	416
41	178
254	269
38	134
320	352
316	339
328	413
69	417
208	329
23	204
101	374
77	298
28	100
56	58
305	418
59	121
91	392
78	202
96	143
148	183
306	385
171	419
158	226
109	378
288	339
18	78
56	166
214	420
54	284
315	351
68	188
177	190
97	111
41	193
118	421
101	212
258	302
137	205
308	324
206	295
44	337
19	422
126	146
150	180
96	154
98	358
16	60
315	423
334	377
64	402
89	407
233	295
88	191
51	283
153	424
98	158
146	364
75	136
123	170
329	425
200	275
113	333
149	342
58	186
214	354
53	426
299	385
10	29
265	417
249	407
64	81
293	427
10	121
22	162
119	244
197	368
189	393
111	336
235	428
162	306
113	175
56	67
307	415
251	289
51	429
166	170
228	285
55	246
173	386
201	222
339	373
80	430
158	213
57	265
214	422
32	192
270	354
88	247
183	431
237	369
22	49
164	389
289	339
217	240
184	368
62	432
305	358
53	389
61	123
254	392
294	402
319	433
270	365
222	239
110	200
310	328
243	330
106	434
53	100
229	234
36	169
141	260
26	42
3	243
64	435
7	138
119	189
146	425
22	41
60	365
209	394
350	436
201	265
22	39
115	328
72	358
52	288
350	437
318	404
10	76
228	427
397	418
177	230
228	264
298	438
163	218
237	365
289	387
352	382
188	401
130	439
101	319
23	55
165	358
18	313
130	160
153	190
258	440
64	102
43	105
140	200
166	439
7	365
112	134
300	441
149	234
231	322
28	248
87	429
48	99
103	237
318	442
181	189
11	48
206	315
374	394
4	7
4	192
203	443
246	265
158	286
103	184
165	212
184	250
98	389
87	444
161	232
3	264
28	433
221	322
228	330
28	30
342	445
127	289
19	286
206	435
246	248
234	320
285	294
321	446
130	426
256	361
20	205
345	397
156	349
22	273
360	447
215	436
136	152
16	153
200	282
70	241
404	448
86	180
294	413
168	218
302	332
118	172
373	406
139	449
21	193
52	71
117	128
395	442
4	146
306	450
157	359
179	286
6	16
151	283
10	65
104	133
345	451
35	300
229	442
150	266
91	150
9	40
203	272
84	452
72	367
287	336
149	445
93	400
6	221
9	92
335	453
30	257
109	146
138	199
200	260
30	205
1	441
79	454
127	170
301	326
305	345
62	173
123	158
31	136
215	455
321	391
4	292
136	217
70	103
316	332
326	409
91	456
123	326
348	363
204	284
62	237
77	283
181	457
80	312
417	444
31	181
71	179
24	391
59	423
275	458
115	245
42	257
67	438
151	342
36	173
146	388
101	459
105	274
156	265
4	191
242	303
147	187
208	353
87	460
279	348
3	388
113	247
156	417
98	170
160	442
134	461
127	461
198	326
289	325
217	295
120	148
79	142
250	462
346	410
192	431
128	317
19	299
174	300
182	228
282	463
408	453
323	445
299	420
340	358
96	142
130	367
175	464
325	387
26	51
202	322
169	216
68	142
206	402
69	465
45	203
280	428
221	430
20	129
158	453
104	205
19	466
149	454
220	333
227	249
8	34
18	370
41	271
393	467
88	460
196	256
268	327
133	341
80	161
345	458
62	468
96	139
171	383
129	171
272	443
69	401
305	469
137	392
6	202
127	172
200	407
331	403
289	461
121	470
46	262
379	440
181	393
135	449
111	287
296	306
29	471
112	300
189	317
22	80
350	455
268	470
2	72
84	472
355	417
277	332
111	381
417	465
413	472
147	217
169	473
47	306
115	232
16	286
371	415
301	317
267	365
265	474
74	401
83	264
187	473
158	385
198	418
83	158
232	475
377	408
166	199
203	205
225	455
326	357
62	365
11	476
102	208
48	55
78	470
208	293
224	421
20	179
421	477
159	428
114	471
70	464
16	147
199	272
121	282
251	478
60	109
420	433
172	193
48	61
414	479
4	11
327	470
111	414
55	201
107	133
95	130
218	480
279	421
144	401
114	391
104	462
183	199
24	47
99	481
142	240
151	366
110	467
11	284
48	342
126	224
219	482
24	261
16	72
147	234
41	223
29	269
302	483
33	67
25	107
61	197
328	354
187	325
384	484
307	393
96	360
196	463
38	310
334	361
438	485
138	226
297	356
20	421
184	459
47	234
90	188
194	486
121	174
24	83
302	379
383	443
101	348
97	429
238	487
174	179
173	235
4	12
183	205
149	459
316	320
350	488
245	354
162	337
160	166
260	407
85	363
46	489
227	435
126	300
70	149
353	426
16	99
221	460
238	490
44	191
29	349
92	254
241	247
138	324
131	331
59	491
251	387
24	321
265	302
217	229
9	37
370	492
150	307
467	474
95	324
78	96
9	19
261	482
382	493
227	300
206	356
181	297
77	368
1	60
25	78
334	494
113	228
270	310
182	364
246	267
58	158
111	348
430	495
40	283
161	328
111	394
359	445
145	226
208	496
46	197
136	268
22	250
33	292
8	30
194	220
68	497
292	363
16	249
154	273
10	17
126	372
150	498
288	406
106	328
171	319
33	363
4	209
56	89
318	499
444	460
180	299
41	197
121	275
381	417
1	10
212	500
130	263
10	82
343	384
43	162
125	325
224	348
59	501
158	378
415	446
391	446
12	283
10	191
10	55
382	502
308	422
185	323
53	119
248	335
358	389
219	261
123	503
1	144
144	217
62	87
185	316
383	387
49	401
410	504
16	109
15	165
224	363
225	384
307	368
128	285
234	505
229	401
94	106
24	317
8	91
4	172
307	451
436	506
85	231
92	252
263	418
220	451
48	454
25	324
329	507
397	469
12	429
190	217
264	333
117	437
266	508
152	478
163	392
365	468
158	465
16	172
20	509
311	487
240	273
9	189
211	407
493	502
60	510
10	471
171	201
86	488
331	411
79	126
69	302
231	511
184	352
185	225
9	269
268	394
150	508
113	220
98	512
250	368
408	494
48	222
163	290
80	372
169	350
301	513
96	97
224	500
46	223
123	367
45	234
210	371
60	514
57	203
239	320
7	468
317	326
96	291
178	359
109	515
52	212
93	391
219	396
79	342
130	259
101	146
431	516
11	21
32	40
13	307
277	364
158	291
247	460
108	517
145	183
66	468
232	251
258	265
234	508
28	302
150	518
109	140
143	217
225	316
79	473
55	134
293	496
495	519
223	339
25	162
246	469
209	305
216	473
391	412
170	520
204	311
379	483
108	328
96	497
417	492
202	230
284	521
4	103
33	429
69	172
26	267
214	308
221	346
449	522
109	231
43	191
73	452
333	452
95	402
427	496
68	523
245	246
14	304
353	425
138	150
195	244
68	217
176	524
223	400
9	44
416	443
72	244
56	221
26	94
257	525
33	63
357	384
307	505
262	367
261	321
119	173
355	526
423	501
105	295
4	388
271	453
10	124
151	359
359	527
4	248
316	445
5	316
100	511
30	431
368	467
85	528
444	492
318	401
203	226
26	383
313	510
77	146
416	529
239	329
106	187
10	99
346	487
355	381
365	490
225	530
86	385
496	512
209	514
46	484
476	489
24	345
435	531
366	445
115	310
279	292
103	236
27	34
145	199
141	532
35	66
241	366
508	518
18	209
32	36
297	326
172	533
135	410
48	100
395	499
132	385
162	296
131	286
102	534
334	483
4	71
73	114
208	226
13	418
117	175
433	535
241	445
83	106
161	304
281	504
315	490
211	282
444	536
192	209
213	284
47	60
390	409
50	158
6	431
132	537
181	307
165	238
349	502
234	316
48	445
183	265
314	538
317	412
22	105
13	233
77	467
68	139
65	539
220	228
144	187
71	509
80	495
151	445
54	359
412	540
228	414
16	214
219	474
259	413
498	518
440	472
68	541
105	306
4	29
59	108
183	226
43	166
148	392
38	542
62	133
307	412
332	364
432	466
263	454
310	543
28	400
23	471
37	162
89	249
173	303
40	181
312	544
217	541
118	200
412	451
28	214
299	521
68	162
257	545
101	126
112	174
147	505
87	97
63	348
153	327
83	546
26	540
219	509
75	179
76	290
355	465
188	424
48	547
384	544
384	396
187	524
430	519
258	417
258	315
456	548
20	279
2	183
315	419
281	449
90	154
252	495
408	549
61	429
54	445
66	365
81	294
224	477
201	239
2	550
313	507
204	521
5	302
38	422
3	252
231	418
492	551
60	432
219	228
142	497
36	376
33	119
9	482
79	552
75	108
137	183
248	468
4	161
152	187
388	553
29	480
140	249
209	385
148	180
175	241
295	336
424	554
47	143
358	397
436	437
228	241
39	99
13	257
386	555
330	537
32	100
415	522
228	415
112	172
411	556
51	533
125	152
4	8
154	162
65	223
70	125
37	557
100	350
348	459
214	458
413	447
259	522
299	422
456	558
323	352
60	468
265	271
113	192
219	325
4	418
242	559
8	402
344	414
98	439
307	318
158	476
298	539
492	560
69	125
159	227
43	131
130	418
205	226
107	183
427	561
84	289
494	549
69	141
70	305
2	262
16	361
519	562
251	373
53	275
161	187
126	228
277	300
135	153
393	563
5	526
143	237
314	383
155	362
10	47
136	187
471	564
114	186
328	434
2	226
30	158
92	125
231	553
262	565
235	334
29	321
205	443
343	415
14	376
339	406
24	566
241	316
94	225
37	49
254	312
316	415
180	324
23	567
103	468
316	537
11	33
229	240
72	513
202	568
360	476
319	374
240	449
145	150
37	89
519	564
272	569
259	436
130	482
157	275
184	441
163	168
421	570
302	417
342	365
490	565
270	376
391	471
484	571
191	194
213	435
67	500
40	221
67	477
20	111
112	572
243	333
46	552
56	482
7	123
25	142
140	227
22	573
196	264
349	375
284	476
248	510
334	428
356	574
37	78
12	513
195	421
222	320
134	265
481	575
345	412
169	184
16	191
196	330
66	72
447	576
75	307
398	434
61	189
355	368
49	83
402	435
351	577
413	436
22	190
19	385
329	531
377	428
194	578
165	461
111	417
122	464
64	413
51	73
111	526
19	579
19	537
112	170
437	566
203	569
29	502
266	324
547	580
437	503
243	346
30	138
258	316
173	232
168	349
338	581
16	183
242	251
15	304
4	53
200	276
175	384
572	582
357	530
112	166
18	23
118	419
293	353
157	192
219	583
295	306
51	326
330	414
75	441
247	264
134	288
416	584
156	381
45	130
273	333
144	194
115	225
457	585
10	389
204	218
173	376
188	476
5	10
384	582
403	586
254	343
84	170
5	287
242	354
145	431
100	240
548	587
87	363
354	376
98	289
39	205
197	283
525	545
363	588
161	388
363	369
16	502
358	367
33	366
476	523
18	589
188	324
145	257
24	349
47	557
1	523
74	157
4	590
8	313
135	337
93	502
377	549
222	284
88	591
101	111
15	361
137	324
325	474
25	221
136	360
526	592
321	349
332	365
111	483
21	184
55	459
163	239
296	593
10	144
90	96
189	197
158	163
97	240
302	355
61	594
254	304
436	488
145	392
9	150
77	350
39	595
9	518
221	286
64	172
272	416
116	129
66	596
292	421
167	388
29	481
175	457
442	499
86	568
148	597
372	440
362	372
268	282
272	588
80	339
62	99
498	598
51	146
180	508
455	530
212	285
102	183
190	593
424	599
305	367
123	381
548	558
432	458
133	138
233	595
215	600
264	464
23	344
320	382
48	87
297	301
78	153
499	601
7	102
165	166
81	170
136	141
49	251
86	501
484	602
5	379
277	340
150	199
63	502
44	64
129	320
417	603
38	91
273	306
104	172
249	276
151	424
21	33
22	604
164	360
11	32
23	95
207	273
163	399
316	343
102	605
212	279
283	429
122	460
214	265
151	547
371	483
361	606
177	445
4	144
209	589
103	240
130	364
189	395
302	607
80	124
107	170
276	458
335	494
216	314
227	276
256	608
291	523
557	588
40	457
167	187
326	429
79	366
178	609
436	445
87	196
483	607
477	500
18	344
260	276
491	610
315	487
221	371
241	275
96	230
260	532
275	470
127	611
4	566
346	490
42	351
236	332
437	506
3	384
210	612
216	312
113	224
121	179
218	354
71	140
195	326
490	613
19	501
127	305
339	358
8	294
446	471
114	481
146	614
214	254
378	515
88	136
15	256
315	613
143	497
389	615
307	467
457	544
55	255
410	449
93	471
149	616
11	148
10	11
30	145
90	158
280	599
232	294
279	617
65	533
128	413
47	432
239	509
282	509
33	552
198	618
319	421
182	498
59	241
15	454
201	255
145	545
557	619
52	528
518	615
403	614
250	257
37	144
233	365
523	620
4	354
323	366
147	190
374	459
261	391
120	244
470	621
306	336
125	126
4	520
48	77
432	468
31	95
479	622
70	176
100	190
290	471
60	115
113	457
325	476
203	623
365	596
77	271
148	226
213	366
69	115
413	435
257	624
381	465
65	178
59	115
438	539
152	354
17	412
82	625
169	316
86	117
205	266
529	584
387	478
100	140
303	626
381	474
100	306
48	56
130	158
283	326
590	627
250	359
305	611
425	507
27	277
243	247
591	599
549	628
4	433
299	501
291	388
17	316
538	590
226	462
426	629
51	109
6	267
401	476
11	107
536	559
158	209
74	630
42	224
7	148
21	119
272	584
280	377
88	444
546	631
130	186
4	124
20	206
28	578
534	605
204	552
246	632
231	297
319	535
440	483
130	218
171	498
155	181
490	633
86	537
95	426
44	198
463	564
51	262
5	339
132	634
393	535
77	457
85	319
44	144
126	362
201	302
241	635
151	365
303	559
425	614
184	233
186	218
50	59
532	636
279	363
342	454
54	252
190	306
392	490
365	510
155	637
81	278
307	418
167	350
147	241
56	500
165	257
329	638
19	402
161	623
169	478
66	267
354	391
97	560
38	639
274	336
471	502
75	182
477	638
231	614
80	288
586	640
134	639
68	424
246	302
54	268
401	497
484	641
139	154
67	348
124	162
57	133
35	126
166	426
458	642
203	595
252	519
181	585
194	286
63	307
100	553
426	643
78	578
152	611
4	211
212	419
231	607
282	538
27	644
97	360
48	400
255	416
317	429
73	399
192	286
151	645
163	213
151	527
67	274
503	506
2	16
461	639
451	646
324	422
193	318
106	251
56	590
484	544
38	127
588	647
354	559
313	363
137	317
167	173
44	143
113	464
379	648
5	93
394	470
240	306
394	490
28	607
177	505
638	649
214	579
157	445
66	227
296	450
184	575
98	615
474	650
429	594
175	260
143	144
204	454
614	633
267	468
346	651
117	247
52	145
138	310
450	593
36	152
367	652
246	336
294	435
85	419
496	561
369	415
113	546
651	653
379	607
209	501
446	564
342	552
466	537
149	635
229	654
231	555
132	451
126	127
23	336
271	467
34	342
192	655
284	492
452	472
16	70
38	578
128	437
211	268
22	656
341	420
428	581
107	205
208	605
583	629
381	563
503	657
468	621
63	505
30	246
22	344
4	510
265	379
490	658
449	504
160	418
88	93
175	247
273	295
113	591
221	659
100	450
169	232
507	576
521	552
276	532
20	415
356	660
79	127
145	516
349	493
198	429
476	654
252	372
267	661
209	611
117	196
307	482
64	355
48	644
238	659
205	662
57	329
236	276
331	556
334	606
97	579
84	586
263	663
155	572
166	289
182	509
204	346
379	526
4	88
17	664
385	501
237	342
180	498
66	535
308	354
37	619
247	665
4	302
112	167
516	576
423	487
121	136
70	666
649	659
4	627
319	363
53	288
23	482
203	238
588	667
250	525
422	501
119	304
56	437
51	193
112	582
340	668
285	413
388	441
158	658
16	226
161	302
243	669
167	304
87	547
78	322
223	326
136	184
18	588
405	670
276	364
211	276
214	269
618	621
410	422
193	393
652	671
114	218
129	300
177	316
103	648
216	251
474	563
543	672
2	21
335	608
103	108
146	538
340	461
228	673
328	543
298	485
17	380
381	393
156	543
20	431
223	674
21	533
142	230
294	570
264	673
150	272
44	77
532	675
262	297
276	642
263	367
70	224
324	498
11	270
407	676
353	427
319	419
24	290
163	261
574	660
266	443
253	677
51	585
85	315
118	534
210	407
293	534
9	595
141	678
203	302
9	146
88	386
53	149
19	49
24	63
303	679
137	199
146	349
128	435
240	309
454	552
9	304
496	680
52	151
51	400
408	428
241	342
427	680
64	314
489	681
20	637
119	233
496	534
136	239
343	484
360	576
559	682
32	526
56	109
151	599
302	400
145	317
414	634
521	683
14	176
129	179
23	583
116	200
128	531
420	563
233	684
27	137
219	294
123	336
183	209
212	477
495	594
273	685
225	524
25	41
85	589
149	305
28	355
196	464
106	686
362	430
171	313
287	459
58	105
164	447
396	687
24	493
52	333
208	425
130	461
95	498
443	584
250	688
85	185
54	635
200	509
240	654
199	595
507	590
501	689
100	426
25	253
278	339
190	604
100	527
4	119
449	690
303	386
162	190
38	210
169	352
27	502
133	183
510	691
213	531
167	256
70	146
195	357
590	635
166	692
154	581
450	527
189	368
504	528
158	356
7	117
329	693
34	109
158	302
143	257
135	563
308	498
20	26
88	694
312	687
146	511
224	319
120	457
203	605
22	541
612	695
283	577
247	284
64	67
150	416
397	611
467	563
508	696
197	577
22	677
206	411
163	658
566	627
258	445
323	697
27	78
73	412
286	572
26	550
487	490
33	78
223	698
427	534
231	307
49	175
343	369
64	294
544	699
118	456
79	105
365	691
299	324
207	234
49	152
318	700
311	490
191	306
145	203
562	633
460	591
569	584
215	701
94	635
192	226
259	695
558	587
67	435
161	167
413	702
120	297
387	389
58	349
342	359
106	398
290	438
554	703
250	467
206	403
9	100
165	179
125	136
59	537
342	704
124	418
34	544
53	339
175	673
171	677
124	194
702	705
79	84
127	140
367	671
13	525
171	207
156	227
598	706
473	478
29	46
59	645
68	599
56	172
201	483
517	707
85	91
88	666
339	367
439	692
460	666
346	653
443	708
300	320
12	67
74	259
183	456
596	691
25	130
291	709
298	494
58	375
452	586
48	366
285	402
141	509
551	710
499	700
145	624
98	426
128	650
355	448
379	592
156	711
380	526
336	379
495	562
263	397
385	422
207	656
562	712
274	403
127	339
90	137
288	426
587	614
163	566
600	713
430	562
515	587
59	111
260	675
424	703
4	528
358	714
396	544
353	627
31	320
72	714
316	495
200	458
547	715
357	484
306	309
42	438
113	264
46	121
165	200
78	716
282	428
36	372
125	473
121	645
167	251
674	717
172	429
246	306
178	223
62	196
485	539
73	472
516	718
541	677
344	460
21	189
184	511
59	420
204	616
610	719
228	591
40	172
158	572
57	590
251	376
315	596
326	720
81	559
92	146
123	187
453	608
114	290
43	112
5	721
102	462
53	472
366	521
49	52
307	442
508	722
11	35
5	51
356	658
509	616
9	165
28	51
121	723
457	467
325	383
168	528
523	599
194	229
360	638
658	724
158	237
82	158
337	449
95	212
468	556
14	725
85	392
30	209
231	619
27	236
212	294
16	128
158	726
268	276
69	681
77	172
476	713
86	629
528	727
55	704
388	712
161	176
389	426
288	322
443	662
550	728
106	314
409	530
65	467
118	500
134	140
168	375
173	729
262	513
3	158
425	496
12	189
289	639
185	600
558	730
82	365
40	244
10	346
138	192
176	251
97	466
54	731
498	677
269	349
69	336
130	339
215	238
154	194
296	732
59	381
385	420
409	455
254	328
230	497
18	79
415	733
38	367
350	478
417	711
63	363
96	180
390	734
355	379
110	525
451	540
495	633
540	646
28	381
77	735
325	563
59	470
286	715
636	675
249	642
365	661
61	736
305	346
353	496
462	525
170	326
358	373
357	734
246	737
626	679
241	458
79	635
219	624
292	617
43	265
306	738
10	564
368	575
51	197
86	491
220	233
20	655
420	739
92	185
676	726
357	544
81	141
323	521
491	719
162	740
211	394
424	523
109	300
55	68
3	666
41	153
647	741
56	348
457	563
4	218
160	439
77	450
414	427
505	742
204	561
571	641
215	269
507	703
355	603
127	358
21	743
612	634
133	248
227	609
182	205
219	567
199	744
401	465
390	484
123	438
137	337
552	616
307	733
674	745
443	508
115	312
376	387
59	689
6	272
7	691
525	746
132	349
370	551
104	194
414	591
202	607
510	596
659	747
78	167
147	246
7	596
647	667
247	286
168	664
118	748
353	684
124	292
482	505
260	636
92	607
314	686
319	749
59	517
112	278
230	234
237	468
104	150
218	258
62	750
60	323
435	646
190	447
324	392
1	117
687	751
630	634
70	345
269	328
200	285
70	694
491	537
477	752
39	208
302	675
159	211
132	466
56	72
105	240
666	753
108	251
420	444
336	417
274	586
330	669
310	672
680	754
474	504
267	347
321	412
255	655
185	725
165	289
730	755
58	61
73	127
571	602
111	379
369	564
425	756
91	257
2	51
383	588
191	274
229	499
595	744
305	757
245	434
268	621
146	533
268	642
21	205
278	358
230	758
143	191
127	472
375	747
385	537
229	666
266	416
18	759
94	350
361	502
467	533
123	607
532	678
674	698
75	760
276	282
116	723
64	285
143	337
87	113
35	326
573	761
91	548
117	338
98	122
363	667
218	342
423	490
18	762
227	332
85	727
346	423
343	555
371	460
588	762
115	763
4	40
8	180
11	435
22	655
207	237
396	751
367	764
91	123
137	255
171	363
200	268
14	270
288	629
89	765
332	340
462	688
54	143
1	42
26	117
567	691
228	766
356	411
294	549
58	677
151	209
206	702
466	491
640	767
359	731
340	364
309	738
399	452
210	676
186	263
559	768
55	683
207	351
359	552
40	735
593	604
249	678
300	769
287	607
153	447
496	754
237	519
216	372
105	290
687	770
23	161
258	355
32	88
22	664
38	572
11	231
212	771
125	334
22	26
451	568
153	476
16	58
310	580
541	772
139	306
190	207
185	713
188	390
104	203
134	358
119	773
607	773
42	167
213	247
246	704
202	274
244	283
344	774
183	605
572	639
294	718
193	478
12	197
117	609
738	775
321	382
192	203
682	768
150	231
314	325
408	608
498	776
83	176
54	552
46	155
390	745
209	579
254	303
371	777
266	346
197	484
348	588
713	725
170	349
8	285
65	778
384	390
371	675
281	338
171	288
347	356
545	746
171	779
397	757
570	747
384	479
419	421
330	591
180	722
17	780
274	477
183	272
487	658
285	435
356	365
414	426
777	781
126	620
97	779
158	514
120	326
423	651
65	432
303	782
36	50
103	721
365	514
174	175
8	195
316	335
299	783
111	241
144	318
47	126
117	228
146	590
69	483
582	784
45	167
48	616
177	275
496	756
173	270
410	771
320	785
55	417
48	670
437	609
124	153
65	485
455	488
518	786
454	635
260	509
1	11
76	300
16	122
202	273
117	787
278	418
377	423
721	726
568	659
437	787
537	689
280	788
79	445
423	613
84	251
71	99
188	229
401	442
444	789
456	587
165	663
196	694
202	418
181	223
216	538
553	790
66	244
35	223
81	127
9	95
671	764
42	539
373	791
220	673
339	472
345	568
15	471
53	65
31	515
554	792
402	765
270	342
205	534
423	658
138	257
10	369
87	793
371	781
144	619
258	349
204	664
125	372
402	737
452	794
208	531
54	337
179	327
446	502
487	633
305	423
388	795
291	712
11	726
413	434
596	726
288	289
761	796
67	319
288	316
497	523
75	429
100	122
679	797
501	783
4	361
297	660
331	337
196	547
3	798
398	429
125	434
248	356
636	678
126	176
403	640
675	799
57	205
68	543
294	531
64	167
26	390
117	178
378	800
518	595
273	730
323	432
476	726
365	785
666	801
348	421
162	207
57	146
578	716
16	733
77	126
463	802
153	338
698	745
85	762
72	289
131	403
552	731
138	803
476	576
296	638
284	445
141	275
390	698
622	709
119	804
406	627
72	489
647	762
158	768
26	620
530	805
367	776
463	482
350	701
238	613
111	355
584	662
195	806
1	217
7	118
1	211
453	768
653	745
437	478
212	807
311	426
23	678
352	713
34	553
326	618
74	680
36	808
26	304
179	642
329	496
74	285
358	757
55	809
314	360
100	616
489	513
394	459
462	545
62	315
451	810
246	355
16	520
233	236
414	612
466	720
415	445
315	811
107	496
16	485
204	279
134	331
693	736
644	705
546	812
592	648
290	685
184	481
384	414
315	393
30	590
83	813
96	194
558	755
536	789
269	392
402	579
201	355
254	814
545	688
39	145
19	491
195	317
70	228
533	538
610	815
158	612
32	441
192	605
16	378
352	473
285	771
153	816
360	726
357	396
513	565
8	435
540	810
219	718
251	817
244	806
544	641
205	415
255	623
57	681
491	815
52	818
508	772
567	583
224	762
420	501
613	651
423	653
706	819
13	288
56	552
259	435
169	240
30	50
115	820
415	647
98	629
221	444
317	457
324	490
66	347
746	821
384	751
765	818
51	171
387	437
393	806
52	80
315	822
177	742
336	381
23	125
35	195
155	577
10	423
733	823
186	471
27	509
344	444
217	772
301	698
114	326
123	824
434	543
383	584
276	277
199	310
313	528
705	825
75	221
644	745
476	696
328	435
614	794
476	818
678	826
293	462
511	553
3	333
16	250
22	296
415	537
245	827
300	590
220	817
330	333
237	343
48	359
324	803
790	828
727	762
281	581
13	170
37	164
307	823
143	187
568	829
26	421
387	596
153	226
122	431
66	514
239	769
475	830
513	793
68	578
196	460
364	458
239	268
322	405
752	831
22	144
393	457
339	461
459	588
455	478
356	691
193	832
234	557
253	307
394	779
266	422
188	360
260	282
817	833
695	761
523	576
673	766
714	757
612	625
147	254
634	834
16	454
23	588
27	53
29	209
24	502
658	835
8	759
267	510
667	741
36	41
138	187
719	815
613	836
248	574
409	821
66	338
247	774
173	334
262	429
374	837
54	146
627	748
596	661
140	174
238	569
632	838
753	801
184	453
384	388
100	229
163	471
316	398
269	839
237	514
690	828
116	179
465	563
626	657
131	257
36	840
93	126
120	176
345	502
145	528
13	452
276	320
838	841
273	492
468	685
397	568
70	264
222	509
260	460
143	842
338	424
161	288
13	358
184	244
358	629
273	568
172	843
4	5
1	36
3	441
105	454
286	433
181	844
103	574
432	485
291	476
201	336
63	369
285	630
723	845
131	201
426	743
510	576
205	316
702	825
188	234
835	846
280	523
116	249
186	597
23	608
251	316
6	795
637	847
689	783
553	828
92	760
150	257
416	623
553	614
532	848
97	231
4	198
221	429
332	482
311	629
320	441
292	849
126	575
488	530
16	424
337	411
134	692
316	538
459	850
82	218
23	469
116	320
391	481
179	227
24	631
815	851
366	739
598	847
442	505
483	526
255	310
190	286
126	852
235	523
128	682
386	559
199	308
14	115
105	273
197	853
4	721
282	723
103	347
457	735
91	205
4	417
422	854
364	482
180	257
195	853
56	430
318	322
235	335
801	855
130	621
220	766
43	122
85	617
461	663
485	856
104	533
113	146
308	595
246	381
751	770
50	195
770	857
498	706
545	624
135	253
422	676
210	532
23	26
748	858
410	583
696	722
365	665
100	694
21	192
501	537
414	859
191	291
589	727
93	756
34	345
206	531
405	656
134	860
98	472
419	570
459	490
429	802
220	267
50	244
345	861
2	75
62	279
287	417
130	520
55	526
329	649
195	862
103	374
10	704
11	47
64	115
755	817
828	835
32	863
119	155
39	709
202	289
133	545
242	679
9	726
74	864
115	543
157	160
268	458
726	738
58	149
132	493
609	865
84	373
57	341
18	749
487	835
363	421
257	329
341	866
219	698
356	468
596	850
51	271
346	501
339	639
826	867
106	152
297	393
141	239
572	784
200	239
26	365
20	868
336	809
216	373
412	780
15	542
111	426
262	489
334	869
197	317
127	682
11	555
188	322
165	542
99	502
648	870
469	678
283	645
268	415
97	118
482	576
482	593
764	871
258	472
195	735
46	209
224	726
335	361
423	428
516	872
233	574
333	460
358	799
753	855
10	100
62	356
163	873
324	749
495	712
808	840
82	114
48	704
269	270
51	874
421	433
487	651
482	567
469	611
271	368
87	665
358	875
80	434
76	780
376	437
246	838
624	718
132	461
12	876
90	557
278	791
64	755
329	624
577	853
100	737
712	877
404	603
19	420
522	567
184	222
210	515
219	544
504	878
479	859
236	364
303	729
182	760
633	794
215	256
690	879
325	437
16	139
116	845
171	369
385	783
44	139
445	880
15	241
178	674
286	409
49	225
561	680
324	881
126	820
259	720
529	673
332	785
110	765
557	571
352	882
97	491
234	360
215	530
390	544
151	298
703	792
510	883
362	562
52	727
267	883
8	548
257	737
249	884
389	714
459	511
801	820
250	329
389	461
816	885
345	399
345	464
107	482
337	690
410	878
687	857
504	886
677	779
590	651
95	166
502	861
122	138
222	407
290	887
174	268
18	492
35	108
267	432
82	768
616	737
463	888
1	5
268	455
86	530
158	785
328	475
482	675
773	889
598	776
323	839
37	740
579	649
369	446
63	890
34	74
100	299
358	692
293	790
275	679
73	373
56	891
160	426
402	413
326	393
309	775
517	689
111	648
732	892
216	519
757	875
210	777
433	570
580	715
32	121
89	893
731	778
726	727
79	205
526	607
226	431
665	793
120	894
277	352
102	150
110	128
158	664
468	686
193	297
739	895
347	596
208	680
28	232
316	785
578	599
523	654
647	896
667	762
336	699
552	683
253	281
118	779
378	470
650	897
210	848
404	417
136	200
418	482
274	291
258	381
579	898
123	245
140	191
160	305
179	458
74	165
122	247
711	899
266	696
404	526
175	666
24	94
24	780
493	780
199	900
277	722
284	683
387	588
668	837
145	649
136	277
27	901
103	736
397	752
174	200
420	895
38	524
16	299
623	902
157	327
61	326
480	481
247	793
204	393
499	654
674	903
213	413
180	706
273	716
511	694
654	696
11	24
553	904
529	623
271	301
108	729
241	521
438	627
55	521
247	905
42	489
455	473
422	537
641	790
592	870
562	906
501	854
295	772
57	138
507	624
124	907
478	530
27	200
274	640
627	757
376	623
18	647
906	908
254	310
460	801
593	732
517	553
280	408
104	208
7	909
180	285
717	903
96	505
589	647
74	754
367	422
470	910
83	228
64	549
13	380
64	531
11	521
39	496
628	911
3	446
357	571
307	332
580	764
127	367
552	675
270	912
208	462
83	243
159	280
140	213
33	247
49	913
94	173
209	420
328	830
232	840
78	162
337	504
351	914
311	389
374	433
494	628
322	499
570	699
197	467
318	915
129	845
303	343
181	271
64	702
40	301
95	288
390	916
12	326
104	199
91	558
316	453
192	569
8	100
639	917
333	694
516	528
126	368
292	570
229	801
408	628
704	918
242	342
263	426
86	194
445	522
323	882
171	407
470	919
632	841
109	307
316	733
321	345
100	466
320	403
883	920
400	513
311	743
338	609
99	184
326	594
365	574
783	921
834	889
246	841
603	711
79	704
3	694
495	877
739	922
180	182
520	874
190	229
103	660
91	365
801	824
11	923
64	448
288	860
251	307
139	221
314	478
385	491
555	924
404	465
629	643
608	628
671	706
189	326
32	203
736	925
258	483
482	891
164	337
415	739
135	447
10	926
347	691
727	830
154	784
278	686
366	552
219	265
863	927
148	605
69	841
247	871
527	552
487	811
812	891
502	928
268	361
476	594
320	713
396	409
642	884
267	737
415	929
1	115
250	361
109	211
91	661
509	583
209	459
380	930
41	467
4	570
22	164
280	453
11	312
701	774
107	931
123	539
278	627
393	423
23	891
459	837
383	540
313	932
67	762
178	437
52	464
285	800
102	427
682	933
295	337
504	583
180	199
69	120
628	828
23	345
38	934
86	420
69	813
214	501
2	44
420	537
299	921
928	935
496	741
86	610
4	660
505	576
33	491
716	936
310	823
307	351
196	243
130	373
542	934
11	56
250	937
386	679
62	184
310	912
420	579
422	771
219	672
816	938
453	785
110	620
726	785
511	556
5	417
371	537
601	939
356	435
248	608
142	249
423	581
29	921
26	553
535	940
232	549
28	204
581	784
692	714
373	478
238	747
255	941
22	557
458	470
502	935
106	144
81	934
184	226
82	942
202	492
305	426
117	610
592	607
260	781
672	912
364	943
681	691
20	527
837	850
63	647
43	96
368	938
777	944
158	416
243	798
68	154
628	835
733	855
23	422
416	945
726	923
94	270
265	336
410	487
596	822
904	909
65	946
673	829
277	644
56	583
297	698
236	532
178	865
208	947
176	357
497	541
610	734
16	91
45	604
599	703
588	948
523	709
602	641
161	830
62	264
885	938
251	415
925	949
290	599
181	429
108	453
430	434
628	927
371	739
652	950
90	187
6	511
373	397
823	942
97	547
132	579
344	951
327	528
726	729
213	323
75	509
441	590
62	661
186	952
706	722
86	829
456	534
347	432
431	718
308	330
694	953
205	208
17	154
302	339
167	328
589	689
193	843
651	954
137	415
118	858
11	310
98	692
120	862
631	812
283	955
619	740
208	545
675	678
224	617
190	557
419	433
798	956
331	640
152	232
383	708
98	334
38	165
283	342
55	957
297	435
80	173
15	445
250	342
188	288
132	308
495	958
286	360
567	816
371	385
202	497
633	923
101	889
413	959
268	769
623	941
185	495
27	493
174	282
244	698
384	960
106	376
138	422
32	927
225	343
155	189
377	718
244	961
344	536
292	319
230	401
172	874
13	24
385	815
502	962
177	322
456	730
20	136
300	329
73	451
332	943
757	963
779	858
525	821
613	949
146	820
326	563
23	39
800	964
425	638
711	800
41	92
145	192
92	893
313	327
688	965
474	897
846	921
155	301
26	99
315	799
206	825
422	966
489	594
166	733
369	471
110	276
600	725
381	423
517	967
556	685
138	196
381	581
80	712
182	236
415	424
625	968
151	880
419	589
172	755
146	687
118	179
362	495
439	969
9	786
56	609
367	426
11	550
82	144
515	777
335	970
223	467
31	56
768	933
357	602
70	255
178	467
207	971
289	860
86	213
316	406
16	659
317	545
57	694
67	972
169	840
81	153
101	335
84	160
875	963
104	180
295	973
622	859
171	477
324	944
4	665
59	179
107	138
968	974
678	884
187	235
391	488
395	601
271	366
378	945
830	975
75	371
10	311
861	962
233	468
47	619
795	867
608	976
319	779
612	664
157	342
135	191
284	407
733	929
205	977
542	639
126	647
47	345
63	727
284	342
391	564
527	978
230	247
557	948
206	217
469	757
290	502
540	780
373	979
472	794
115	314
265	957
745	803
378	785
141	841
677	980
22	184
212	347
66	750
395	939
246	903
5	66
88	981
327	845
3	669
487	628
374	850
63	850
59	719
47	982
55	713
347	567
168	345
329	545
215	357
11	165
504	983
878	983
300	635
176	830
748	757
350	506
330	344
881	984
19	815
126	667
227	282
6	553
106	201
324	854
270	985
53	512
231	924
626	729
590	758
358	833
395	654
733	986
432	510
45	144
589	741
229	291
357	960
177	202
127	987
61	743
106	115
86	231
307	986
358	987
94	252
146	988
455	506
225	350
103	305
68	229
544	602
271	297
557	989
104	324
545	737
290	316
348	374
427	591
467	497
4	990
319	727
394	511
469	632
108	242
475	723
170	305
218	991
5	483
212	348
175	222
446	928
206	705
143	557
65	992
809	957
305	393
102	548
128	702
46	172
400	489
40	993
100	978
484	530
126	335
345	349
69	287
309	336
784	994
56	362
233	367
313	647
350	387
50	476
34	502
598	995
285	702
10	23
80	517
552	704
727	850
316	472
245	996
253	980
293	531
269	600
545	693
148	866
11	543
846	997
259	601
82	968
205	366
416	569
129	429
465	841
812	998
102	272
353	869
113	912
549	840
259	402
159	327
34	999
37	401
154	449
182	211
28	716
547	616
854	966
743	1000
164	253
372	495
92	97
602	699
31	80
48	158
180	272
538	614
482	636
173	773
112	326
60	750
4	546
231	790
302	381
137	180
128	846
202	685
163	282
582	994
87	264
322	492
476	573
238	570
231	795
322	460
142	191
180	366
217	619
256	599
561	754
567	891
25	154
839	882
596	738
677	772
97	748
479	591
84	305
275	678
387	506
398	499
609	674
146	553
518	696
316	986
268	910
656	670
362	517
383	437
340	365
219	891
204	366
164	593
30	33
11	98
7	883
80	251
420	422
23	774
78	97
53	276
383	498
97	858
56	567
803	881
325	787
210	221
1	229
302	336
261	486
64	316
698	803
415	621
566	780
718	872
323	713
465	612
31	51
278	860
213	705
633	928
22	761
57	92
359	683
635	731
330	479
165	500
130	695
347	359
103	127
111	841
65	773
154	316
590	742
132	422
335	628
214	898
126	726
763	944
64	126
665	905
106	856
311	628
361	485
806	961
442	654
231	405
536	773
126	487
440	587
579	638
44	390
202	505
742	758
507	718
249	463
278	439
56	69
296	892
191	386
501	521
365	684
614	790