#module 0 size: 15 bs: 0.0403308
13 14 15 16 17 18 19 20 45 54 55 56 57 60 63 
#module 1 size: 14 bs: 0.00800466
2 27 28 29 30 32 33 48 49 62 64 66 68 69 
#module 2 size: 11 bs: 0.00409758
1 31 32 34 35 36 37 38 39 40 58 
#module 3 size: 12 bs: 0.0136006
21 22 23 24 25 26 42 46 47 50 51 52 
#module 4 size: 13 bs: 0.00446276
3 4 5 6 7 8 9 10 11 12 41 53 67 
#module 0 size: 6 bs: 0.042436
27 28 29 30 33 66 
#module 1 size: 12 bs: 0.00979175
1 27 31 32 34 35 36 37 38 39 40 58 
#module 2 size: 13 bs: 0.0308638
6 21 22 23 24 25 26 42 46 47 50 51 52 
#module 3 size: 13 bs: 0.00446275
3 4 5 6 7 8 9 10 11 12 41 53 67 
#module 4 size: 4 bs: 0.042436
14 17 18 20 
#module 5 size: 9 bs: 0.0206033
15 16 45 54 55 56 57 62 63 
#module 0 size: 13 bs: 0.0308638
6 21 22 23 24 25 26 42 46 47 50 51 52 
#module 1 size: 13 bs: 0.00446277
3 4 5 6 7 8 9 10 11 12 41 53 67 
#module 2 size: 25 bs: 0.0195001
1 2 27 28 29 30 31 32 33 34 35 36 37 38 39 40 48 49 58 59 64 65 66 68 69 
#module 3 size: 16 bs: 0.0497829
13 14 15 16 17 18 19 20 45 54 55 56 57 60 62 63 
#module 0 size: 13 bs: 0.00446275
3 4 5 6 7 8 9 10 11 12 41 53 67 
#module 1 size: 4 bs: 0.042436
14 17 18 20 
#module 2 size: 21 bs: 0.0168855
1 27 28 29 30 31 32 33 34 35 36 37 38 39 40 48 49 58 59 65 66 
#module 3 size: 13 bs: 0.0308638
6 21 22 23 24 25 26 42 46 47 50 51 52 
#module 4 size: 9 bs: 0.0167656
15 16 45 54 55 56 57 62 63 
#module 0 size: 13 bs: 0.0308638
6 21 22 23 24 25 26 42 46 47 50 51 52 
#module 1 size: 13 bs: 0.00446276
3 4 5 6 7 8 9 10 11 12 41 53 67 
#module 2 size: 4 bs: 0.042436
14 17 18 20 
#module 3 size: 9 bs: 0.0206033
15 16 45 54 55 56 57 62 63 
#module 4 size: 25 bs: 0.0463135
1 2 27 28 29 30 31 32 33 34 35 36 37 38 39 40 48 49 58 59 62 64 66 68 69 
#module 0 size: 13 bs: 0.00452519
2 27 28 29 30 32 33 48 62 64 66 68 69 
#module 1 size: 12 bs: 0.0386
1 27 31 32 34 35 36 37 38 39 40 58 
#module 2 size: 12 bs: 0.00243846
6 21 22 23 24 25 26 42 46 47 50 52 
#module 3 size: 12 bs: 0.0111875
3 4 5 6 7 8 9 10 11 12 41 67 
#module 4 size: 15 bs: 0.0403309
13 14 15 16 17 18 19 20 45 54 55 56 57 60 63 
#module 0 size: 12 bs: 0.0112947
1 27 31 32 34 35 36 37 38 39 40 58 
#module 1 size: 13 bs: 0.0386
6 21 22 23 24 25 26 42 46 47 50 51 52 
#module 2 size: 13 bs: 0.0308638
3 4 5 6 7 8 9 10 11 12 41 53 67 
#module 3 size: 9 bs: 0.00446276
15 16 45 54 55 56 57 62 63 
#module 4 size: 4 bs: 0.0167656
14 17 18 20 
#module 5 size: 6 bs: 0.0206034
27 28 29 30 33 66 
#module 0 size: 13 bs: 0.0308639
6 21 22 23 24 25 26 42 46 47 50 51 52 
#module 1 size: 13 bs: 0.00446277
3 4 5 6 7 8 9 10 11 12 41 53 67 
#module 2 size: 15 bs: 0.0403309
13 14 15 16 17 18 19 20 45 54 55 56 57 60 63 
#module 3 size: 25 bs: 0.0463136
1 2 27 28 29 30 31 32 33 34 35 36 37 38 39 40 48 49 58 59 62 64 66 68 69 
#module 0 size: 13 bs: 0.00452518
2 27 28 29 30 32 33 48 62 64 66 68 69 
#module 1 size: 12 bs: 0.00979171
1 27 31 32 34 35 36 37 38 39 40 58 
#module 2 size: 13 bs: 0.0308638
6 21 22 23 24 25 26 42 46 47 50 51 52 
#module 3 size: 13 bs: 0.00446277
3 4 5 6 7 8 9 10 11 12 41 53 67 
#module 4 size: 9 bs: 0.00132172
15 16 45 54 55 56 57 62 63 
#module 5 size: 4 bs: 0.0167655
14 17 18 20 
#module 0 size: 13 bs: 0.00703639
2 15 16 45 46 54 55 56 57 62 64 68 69 
#module 1 size: 12 bs: 0.00979172
1 27 31 32 34 35 36 37 38 39 40 58 
#module 2 size: 13 bs: 0.0308638
6 21 22 23 24 25 26 42 46 47 50 51 52 
#module 3 size: 13 bs: 0.00446276
3 4 5 6 7 8 9 10 11 12 41 53 67 
#module 4 size: 6 bs: 0.042436
27 28 29 30 33 66 
#module 5 size: 4 bs: 0.0191113
14 17 18 20 
